 30
110
4.05000000 14.57153056
4.15000000 10.12126642
4.25000000 7.39793903
4.35000000 5.22199148
4.45000000 3.42062595
4.55000000 1.98245892
4.65000000 0.85648569
4.75000000 -0.09613765
4.85000000 -0.81902005
4.95000000 -1.30573928
5.05000000 -1.58581571
5.15000000 -1.74420415
5.25000000 -1.76998874
5.35000000 -1.69826642
5.45000000 -1.52572076
5.55000000 -1.31488489
5.65000000 -1.12224666
5.75000000 -0.86687213
5.85000000 -0.64675523
5.95000000 -0.41551967
6.05000000 -0.20406790
6.15000000 -0.00608957
6.25000000 0.17216951
6.35000000 0.31831311
6.45000000 0.46536575
6.55000000 0.58461659
6.65000000 0.63133815
6.75000000 0.64167824
6.85000000 0.63809908
6.95000000 0.59977229
7.05000000 0.52748946
7.15000000 0.47694521
7.25000000 0.43278145
7.35000000 0.38191347
7.45000000 0.31995156
7.55000000 0.28131163
7.65000000 0.22363263
7.75000000 0.16212489
7.85000000 0.11494437
7.95000000 0.09226982
8.05000000 0.04485636
8.15000000 -0.00028652
8.25000000 -0.02081818
8.35000000 -0.04881620
8.45000000 -0.07199749
8.55000000 -0.09153094
8.65000000 -0.11355875
8.75000000 -0.12904395
8.85000000 -0.17279712
8.95000000 -0.18009501
9.05000000 -0.19109077
9.15000000 -0.16572712
9.25000000 -0.16940203
9.35000000 -0.15770539
9.45000000 -0.16284331
9.55000000 -0.14892602
9.65000000 -0.11717663
9.75000000 -0.09542518
9.85000000 -0.07636557
9.95000000 -0.06523151
10.05000000 -0.03289990
10.15000000 -0.01839451
10.25000000 -0.00074274
10.35000000 0.02892258
10.45000000 0.07833747
10.55000000 0.11681829
10.65000000 0.13021818
10.75000000 0.16215620
10.85000000 0.19184905
10.95000000 0.21214586
11.05000000 0.22228994
11.15000000 0.24205446
11.25000000 0.26356004
11.35000000 0.28433075
11.45000000 0.30401126
11.55000000 0.31719355
11.65000000 0.31879972
11.75000000 0.33054869
11.85000000 0.32506612
11.95000000 0.32382628
12.05000000 0.31575474
12.15000000 0.32183250
12.25000000 0.30411827
12.35000000 0.29681221
12.45000000 0.27898100
12.55000000 0.25767350
12.65000000 0.22005566
12.75000000 0.21216733
12.85000000 0.19299656
12.95000000 0.16418400
13.05000000 0.13717322
13.15000000 0.10996943
13.25000000 0.08332691
13.35000000 0.04766872
13.45000000 0.02736834
13.55000000 -0.00036257
13.65000000 -0.02835429
13.75000000 -0.04334544
13.85000000 -0.06309498
13.95000000 -0.07410278
14.05000000 -0.08091686
14.15000000 -0.08386621
14.25000000 -0.10532075
14.35000000 -0.12063333
14.45000000 -0.12790143
14.55000000 -0.14067286
14.65000000 -0.14759021
14.75000000 -0.15631782
14.85000000 -0.15715785
14.95000000 -0.16682172
110
4.05000000 14.84588667
4.15000000 10.34485525
4.25000000 7.67420901
4.35000000 5.49104395
4.45000000 3.63986302
4.55000000 2.20270699
4.65000000 1.06752033
4.75000000 0.09578175
4.85000000 -0.61913812
4.95000000 -1.12766751
5.05000000 -1.41272900
5.15000000 -1.58232383
5.25000000 -1.62377684
5.35000000 -1.55545402
5.45000000 -1.39733717
5.55000000 -1.19150680
5.65000000 -1.00652993
5.75000000 -0.76874946
5.85000000 -0.55337096
5.95000000 -0.33493521
6.05000000 -0.13041296
6.15000000 0.05616290
6.25000000 0.22513712
6.35000000 0.37114953
6.45000000 0.50762421
6.55000000 0.63517668
6.65000000 0.66965219
6.75000000 0.67356214
6.85000000 0.67183808
6.95000000 0.62908765
7.05000000 0.55974702
7.15000000 0.50364798
7.25000000 0.46850885
7.35000000 0.41877815
7.45000000 0.34963131
7.55000000 0.31667131
7.65000000 0.25931584
7.75000000 0.19696783
7.85000000 0.15071313
7.95000000 0.12850764
8.05000000 0.07350160
8.15000000 0.03090958
8.25000000 0.00853397
8.35000000 -0.01582954
8.45000000 -0.04197966
8.55000000 -0.05637879
8.65000000 -0.07905552
8.75000000 -0.09858787
8.85000000 -0.13906109
8.95000000 -0.13693540
9.05000000 -0.15030585
9.15000000 -0.12432123
9.25000000 -0.13052958
9.35000000 -0.11451057
9.45000000 -0.12399496
9.55000000 -0.10823959
9.65000000 -0.07570897
9.75000000 -0.05468579
9.85000000 -0.04502824
9.95000000 -0.03552530
10.05000000 -0.00835159
10.15000000 -0.00176351
10.25000000 0.00921666
10.35000000 0.03017751
10.45000000 0.07205577
10.55000000 0.09510473
10.65000000 0.10638839
10.75000000 0.12681037
10.85000000 0.14827675
10.95000000 0.15643757
11.05000000 0.15993501
11.15000000 0.17363869
11.25000000 0.18998712
11.35000000 0.20351280
11.45000000 0.21568159
11.55000000 0.22949580
11.65000000 0.23043910
11.75000000 0.24352457
11.85000000 0.23749815
11.95000000 0.23875946
12.05000000 0.23218284
12.15000000 0.23795692
12.25000000 0.22156397
12.35000000 0.22385316
12.45000000 0.20802815
12.55000000 0.18923722
12.65000000 0.15648541
12.75000000 0.15168900
12.85000000 0.13670522
12.95000000 0.11410500
13.05000000 0.09363406
13.15000000 0.07098765
13.25000000 0.05100542
13.35000000 0.01994369
13.45000000 0.00575145
13.55000000 -0.01809130
13.65000000 -0.04476956
13.75000000 -0.05381934
13.85000000 -0.07141277
13.95000000 -0.07659444
14.05000000 -0.07792796
14.15000000 -0.07870293
14.25000000 -0.09517428
14.35000000 -0.10557343
14.45000000 -0.10706173
14.55000000 -0.11327765
14.65000000 -0.11482666
14.75000000 -0.12027129
14.85000000 -0.11251407
14.95000000 -0.11639561
110
4.05000000 15.14485619
4.15000000 10.81235701
4.25000000 8.06069620
4.35000000 5.88067680
4.45000000 4.01331517
4.55000000 2.56526455
4.65000000 1.38812831
4.75000000 0.39546015
4.85000000 -0.34318312
4.95000000 -0.87427092
5.05000000 -1.18092416
5.15000000 -1.36594625
5.25000000 -1.43580479
5.35000000 -1.38192800
5.45000000 -1.23899586
5.55000000 -1.05415948
5.65000000 -0.88551789
5.75000000 -0.65838248
5.85000000 -0.45458111
5.95000000 -0.24711695
6.05000000 -0.05189824
6.15000000 0.12037605
6.25000000 0.28269676
6.35000000 0.42789779
6.45000000 0.55709890
6.55000000 0.66924064
6.65000000 0.69936412
6.75000000 0.70321945
6.85000000 0.70125116
6.95000000 0.65384823
7.05000000 0.58557997
7.15000000 0.53829604
7.25000000 0.49413957
7.35000000 0.44622945
7.45000000 0.38186419
7.55000000 0.34036452
7.65000000 0.29757959
7.75000000 0.23544856
7.85000000 0.19229039
7.95000000 0.16910374
8.05000000 0.11706563
8.15000000 0.07407173
8.25000000 0.05465444
8.35000000 0.03828419
8.45000000 0.00196511
8.55000000 -0.00146285
8.65000000 -0.01788907
8.75000000 -0.03347656
8.85000000 -0.07129843
8.95000000 -0.07270398
9.05000000 -0.08085120
9.15000000 -0.04880676
9.25000000 -0.05485565
9.35000000 -0.04042868
9.45000000 -0.05673575
9.55000000 -0.04497617
9.65000000 -0.01765740
9.75000000 -0.00303284
9.85000000 0.00125032
9.95000000 0.00064290
10.05000000 0.02737197
10.15000000 0.02674558
10.25000000 0.02014566
10.35000000 0.03556003
10.45000000 0.06662594
10.55000000 0.07803670
10.65000000 0.07950123
10.75000000 0.08615138
10.85000000 0.09781678
10.95000000 0.09348400
11.05000000 0.09187126
11.15000000 0.09870646
11.25000000 0.10404800
11.35000000 0.11624162
11.45000000 0.11986467
11.55000000 0.13183699
11.65000000 0.12402650
11.75000000 0.13673824
11.85000000 0.13365954
11.95000000 0.13096008
12.05000000 0.12978978
12.15000000 0.13876609
12.25000000 0.12808834
12.35000000 0.12924379
12.45000000 0.12152237
12.55000000 0.11242964
12.65000000 0.08291105
12.75000000 0.08579981
12.85000000 0.07867268
12.95000000 0.05667461
13.05000000 0.04067960
13.15000000 0.02715235
13.25000000 0.00984487
13.35000000 -0.01272229
13.45000000 -0.02893382
13.55000000 -0.03737840
13.65000000 -0.06241702
13.75000000 -0.06437248
13.85000000 -0.07839601
13.95000000 -0.07875810
14.05000000 -0.07728978
14.15000000 -0.06913062
14.25000000 -0.08088654
14.35000000 -0.08921178
14.45000000 -0.08594217
14.55000000 -0.08442332
14.65000000 -0.08502902
14.75000000 -0.08467380
14.85000000 -0.07304369
14.95000000 -0.07556483
110
4.05000000 15.44382571
4.15000000 11.23766726
4.25000000 8.43331358
4.35000000 6.17788706
4.45000000 4.33696925
4.55000000 2.86653309
4.65000000 1.67886141
4.75000000 0.66939278
4.85000000 -0.08984404
4.95000000 -0.63668992
5.05000000 -0.95582002
5.15000000 -1.16166591
5.25000000 -1.24834228
5.35000000 -1.20824702
5.45000000 -1.08338076
5.55000000 -0.90565096
5.65000000 -0.74995548
5.75000000 -0.53991934
5.85000000 -0.34585303
5.95000000 -0.13788542
6.05000000 0.03316385
6.15000000 0.19763437
6.25000000 0.35052733
6.35000000 0.48090771
6.45000000 0.60291281
6.55000000 0.71199889
6.65000000 0.73368743
6.75000000 0.74457582
6.85000000 0.74002921
6.95000000 0.69158819
7.05000000 0.61776402
7.15000000 0.57129514
7.25000000 0.52893957
7.35000000 0.48212012
7.45000000 0.42274675
7.55000000 0.38386416
7.65000000 0.33212311
7.75000000 0.27993973
7.85000000 0.23733122
7.95000000 0.21916124
8.05000000 0.16691399
8.15000000 0.12480915
8.25000000 0.10543830
8.35000000 0.08964507
8.45000000 0.05370253
8.55000000 0.05553066
8.65000000 0.04284862
8.75000000 0.02535101
8.85000000 -0.01206638
8.95000000 -0.01329448
9.05000000 -0.01596300
9.15000000 0.00173688
9.25000000 0.00051477
9.35000000 0.00566315
9.45000000 -0.00826793
9.55000000 -0.00431792
9.65000000 0.01826082
9.75000000 0.02444295
9.85000000 0.02593376
9.95000000 0.01811028
10.05000000 0.03722931
10.15000000 0.03173187
10.25000000 0.02236673
10.35000000 0.02789691
10.45000000 0.05328274
10.55000000 0.05539590
10.65000000 0.04936877
10.75000000 0.05393010
10.85000000 0.05516729
10.95000000 0.05141517
11.05000000 0.03976154
11.15000000 0.04581964
11.25000000 0.04850943
11.35000000 0.05839879
11.45000000 0.05746391
11.55000000 0.06711599
11.65000000 0.06742549
11.75000000 0.07453974
11.85000000 0.07040716
11.95000000 0.07210946
12.05000000 0.06755439
12.15000000 0.07711574
12.25000000 0.06423166
12.35000000 0.06959310
12.45000000 0.06307003
12.55000000 0.05410625
12.65000000 0.02903896
12.75000000 0.03682152
12.85000000 0.02830160
12.95000000 0.01234167
13.05000000 0.00066213
13.15000000 -0.01247331
13.25000000 -0.02597207
13.35000000 -0.04848243
13.45000000 -0.06282362
13.55000000 -0.06620022
13.65000000 -0.09124427
13.75000000 -0.09253928
13.85000000 -0.10607019
13.95000000 -0.09869507
14.05000000 -0.09712653
14.15000000 -0.08693543
14.25000000 -0.09300440
14.35000000 -0.10345657
14.45000000 -0.09671276
14.55000000 -0.09237992
14.65000000 -0.09101825
14.75000000 -0.08322501
14.85000000 -0.06847358
14.95000000 -0.06631519
110
4.05000000 15.87919511
4.15000000 11.49939589
4.25000000 8.77869115
4.35000000 6.45948894
4.45000000 4.60490661
4.55000000 3.12815825
4.65000000 1.93246758
4.75000000 0.90019278
4.85000000 0.12294108
4.95000000 -0.43486815
5.05000000 -0.77977864
5.15000000 -1.00194336
5.25000000 -1.09918728
5.35000000 -1.07284472
5.45000000 -0.96454526
5.55000000 -0.79401430
5.65000000 -0.65691101
5.75000000 -0.45595152
5.85000000 -0.27696272
5.95000000 -0.08604188
6.05000000 0.07320033
6.15000000 0.23741897
6.25000000 0.37760508
6.35000000 0.50083613
6.45000000 0.61440273
6.55000000 0.72530847
6.65000000 0.75182820
6.75000000 0.75858967
6.85000000 0.74801210
6.95000000 0.70517925
7.05000000 0.62906761
7.15000000 0.58340915
7.25000000 0.53750516
7.35000000 0.49813814
7.45000000 0.44747272
7.55000000 0.41043179
7.65000000 0.35312179
7.75000000 0.30230263
7.85000000 0.26563616
7.95000000 0.24583111
8.05000000 0.19481294
8.15000000 0.15844804
8.25000000 0.14593266
8.35000000 0.13022027
8.45000000 0.09433080
8.55000000 0.10033250
8.65000000 0.08552943
8.75000000 0.07055147
8.85000000 0.02489848
8.95000000 0.02193535
9.05000000 0.01551360
9.15000000 0.03303692
9.25000000 0.02853941
9.35000000 0.04280985
9.45000000 0.02198658
9.55000000 0.02250882
9.65000000 0.04182216
9.75000000 0.05221467
9.85000000 0.04812551
9.95000000 0.03647512
10.05000000 0.05336176
10.15000000 0.04189855
10.25000000 0.02947514
10.35000000 0.03138912
10.45000000 0.05369408
10.55000000 0.05090329
10.65000000 0.04286433
10.75000000 0.03863338
10.85000000 0.03684944
10.95000000 0.02839216
11.05000000 0.01077974
11.15000000 0.01580640
11.25000000 0.01371205
11.35000000 0.02527011
11.45000000 0.01751271
11.55000000 0.02850251
11.65000000 0.02390991
11.75000000 0.03280072
11.85000000 0.02355964
11.95000000 0.02708141
12.05000000 0.02673103
12.15000000 0.03423293
12.25000000 0.02733346
12.35000000 0.02959827
12.45000000 0.02480761
12.55000000 0.02192853
12.65000000 -0.00403896
12.75000000 0.00674434
12.85000000 0.00069173
12.95000000 -0.01417764
13.05000000 -0.03101128
13.15000000 -0.04189294
13.25000000 -0.05249635
13.35000000 -0.06996987
13.45000000 -0.08267630
13.55000000 -0.08703869
13.65000000 -0.10779388
13.75000000 -0.10608047
13.85000000 -0.11850372
13.95000000 -0.10646804
14.05000000 -0.10190414
14.15000000 -0.09488982
14.25000000 -0.10009965
14.35000000 -0.10461750
14.45000000 -0.09834341
14.55000000 -0.09067351
14.65000000 -0.08653849
14.75000000 -0.08012735
14.85000000 -0.06181583
14.95000000 -0.06023763
110
4.05000000 16.21813052
4.15000000 11.80132885
4.25000000 9.04310617
4.35000000 6.75208034
4.45000000 4.84235409
4.55000000 3.34860375
4.65000000 2.14907017
4.75000000 1.10406687
4.85000000 0.30917312
4.95000000 -0.25917258
5.05000000 -0.61248684
5.15000000 -0.84594667
5.25000000 -0.95170887
5.35000000 -0.94596182
5.45000000 -0.84841577
5.55000000 -0.69488244
5.65000000 -0.56534586
5.75000000 -0.37437753
5.85000000 -0.19691067
5.95000000 -0.02678128
6.05000000 0.12014667
6.15000000 0.28102855
6.25000000 0.40820592
6.35000000 0.53458261
6.45000000 0.64251861
6.55000000 0.73252158
6.65000000 0.74686632
6.75000000 0.75912990
6.85000000 0.73351804
6.95000000 0.69062470
7.05000000 0.61519520
7.15000000 0.55461189
7.25000000 0.52600002
7.35000000 0.48363443
7.45000000 0.42810886
7.55000000 0.39263276
7.65000000 0.33971956
7.75000000 0.29125555
7.85000000 0.25390126
7.95000000 0.24042030
8.05000000 0.18261799
8.15000000 0.14356613
8.25000000 0.13709321
8.35000000 0.11643536
8.45000000 0.08799332
8.55000000 0.09223771
8.65000000 0.07780837
8.75000000 0.06412534
8.85000000 0.02045993
8.95000000 0.02104140
9.05000000 0.01362183
9.15000000 0.03979486
9.25000000 0.03554618
9.35000000 0.04963044
9.45000000 0.03331634
9.55000000 0.03591440
9.65000000 0.05382943
9.75000000 0.05601994
9.85000000 0.05245995
9.95000000 0.03710809
10.05000000 0.05862844
10.15000000 0.04335399
10.25000000 0.02943852
10.35000000 0.03008039
10.45000000 0.04921957
10.55000000 0.04681731
10.65000000 0.03659031
10.75000000 0.03718923
10.85000000 0.03390919
10.95000000 0.01721328
11.05000000 -0.00079398
11.15000000 0.00290246
11.25000000 0.00060726
11.35000000 0.01032665
11.45000000 0.00074183
11.55000000 0.01394392
11.65000000 0.00229114
11.75000000 0.01625787
11.85000000 0.00299527
11.95000000 0.00830633
12.05000000 0.01178111
12.15000000 0.01791233
12.25000000 0.01371709
12.35000000 0.01825735
12.45000000 0.01315412
12.55000000 0.00224591
12.65000000 -0.02113240
12.75000000 -0.01152573
12.85000000 -0.01444897
12.95000000 -0.03091623
13.05000000 -0.04509954
13.15000000 -0.05274384
13.25000000 -0.06927339
13.35000000 -0.08926894
13.45000000 -0.09457201
13.55000000 -0.09883222
13.65000000 -0.11791554
13.75000000 -0.12083919
13.85000000 -0.13350599
13.95000000 -0.12257167
14.05000000 -0.11747877
14.15000000 -0.10757111
14.25000000 -0.11645477
14.35000000 -0.11704079
14.45000000 -0.11183905
14.55000000 -0.09916858
14.65000000 -0.09422943
14.75000000 -0.08280076
14.85000000 -0.06764060
14.95000000 -0.06543335
110
4.05000000 16.47580172
4.15000000 11.94657534
4.25000000 9.13700929
4.35000000 6.84827594
4.45000000 4.94809620
4.55000000 3.45297831
4.65000000 2.25099130
4.75000000 1.18571662
4.85000000 0.38881726
4.95000000 -0.18606790
5.05000000 -0.54405216
5.15000000 -0.77408335
5.25000000 -0.87977397
5.35000000 -0.87844754
5.45000000 -0.79047338
5.55000000 -0.64012767
5.65000000 -0.50978614
5.75000000 -0.32588481
5.85000000 -0.15595197
5.95000000 0.01951789
6.05000000 0.16666320
6.15000000 0.31045361
6.25000000 0.43607696
6.35000000 0.55741603
6.45000000 0.66735479
6.55000000 0.76209579
6.65000000 0.76562652
6.75000000 0.77435527
6.85000000 0.73597869
6.95000000 0.69082548
7.05000000 0.61048407
7.15000000 0.54475579
7.25000000 0.51231950
7.35000000 0.46824467
7.45000000 0.41338037
7.55000000 0.38390033
7.65000000 0.32269607
7.75000000 0.26900493
7.85000000 0.22774105
7.95000000 0.21614828
8.05000000 0.15403533
8.15000000 0.11814022
8.25000000 0.10918737
8.35000000 0.08603112
8.45000000 0.05968847
8.55000000 0.06552775
8.65000000 0.05698753
8.75000000 0.03618690
8.85000000 0.00227857
8.95000000 -0.00261113
9.05000000 -0.00639785
9.15000000 0.02066961
9.25000000 0.01892259
9.35000000 0.03143521
9.45000000 0.00928841
9.55000000 0.01710043
9.65000000 0.03741672
9.75000000 0.04290087
9.85000000 0.03988007
9.95000000 0.02948648
10.05000000 0.04626210
10.15000000 0.03719630
10.25000000 0.02608828
10.35000000 0.02611262
10.45000000 0.04947546
10.55000000 0.04451854
10.65000000 0.03320689
10.75000000 0.03640603
10.85000000 0.02908556
10.95000000 0.01388836
11.05000000 0.00159030
11.15000000 0.00117494
11.25000000 -0.00449338
11.35000000 0.00150006
11.45000000 -0.00310372
11.55000000 0.00610020
11.65000000 -0.00647851
11.75000000 0.00738907
11.85000000 -0.00635045
11.95000000 -0.00268603
12.05000000 0.00007965
12.15000000 0.00987462
12.25000000 -0.00010396
12.35000000 0.00672845
12.45000000 -0.00051491
12.55000000 -0.00676951
12.65000000 -0.03152147
12.75000000 -0.01888540
12.85000000 -0.02688174
12.95000000 -0.04247702
13.05000000 -0.05515217
13.15000000 -0.06131150
13.25000000 -0.07572230
13.35000000 -0.09779948
13.45000000 -0.10633752
13.55000000 -0.11225092
13.65000000 -0.12972571
13.75000000 -0.13333796
13.85000000 -0.14299619
13.95000000 -0.13446225
14.05000000 -0.12856425
14.15000000 -0.11726592
14.25000000 -0.12661613
14.35000000 -0.12650727
14.45000000 -0.12131366
14.55000000 -0.11153311
14.65000000 -0.10410472
14.75000000 -0.09508001
14.85000000 -0.08036851
14.95000000 -0.07310751
110
4.05000000 16.52097242
4.15000000 12.09215188
4.25000000 9.27429873
4.35000000 6.96473360
4.45000000 5.08044075
4.55000000 3.56326490
4.65000000 2.35435431
4.75000000 1.27996588
4.85000000 0.48055909
4.95000000 -0.09856347
5.05000000 -0.46380639
5.15000000 -0.69946714
5.25000000 -0.80694692
5.35000000 -0.81348309
5.45000000 -0.72748458
5.55000000 -0.58837499
5.65000000 -0.46430694
5.75000000 -0.28550204
5.85000000 -0.12846843
5.95000000 0.04243505
6.05000000 0.17327564
6.15000000 0.31461762
6.25000000 0.44807990
6.35000000 0.55057410
6.45000000 0.66044939
6.55000000 0.75390894
6.65000000 0.75321373
6.75000000 0.74451517
6.85000000 0.71441822
6.95000000 0.66895006
7.05000000 0.58095093
7.15000000 0.51676988
7.25000000 0.47777769
7.35000000 0.44064200
7.45000000 0.37091598
7.55000000 0.35350179
7.65000000 0.28904288
7.75000000 0.24294468
7.85000000 0.19813378
7.95000000 0.18458101
8.05000000 0.12752781
8.15000000 0.08993221
8.25000000 0.07729571
8.35000000 0.05001083
8.45000000 0.03548056
8.55000000 0.03279168
8.65000000 0.02264154
8.75000000 0.00714884
8.85000000 -0.02252362
8.95000000 -0.02357165
9.05000000 -0.02364847
9.15000000 0.00151189
9.25000000 0.00037175
9.35000000 0.01522929
9.45000000 -0.00158261
9.55000000 0.00499986
9.65000000 0.03314089
9.75000000 0.03819036
9.85000000 0.03240655
9.95000000 0.02780616
10.05000000 0.04457147
10.15000000 0.03638404
10.25000000 0.02095185
10.35000000 0.01822855
10.45000000 0.04958762
10.55000000 0.04461525
10.65000000 0.03183718
10.75000000 0.03863553
10.85000000 0.02797398
10.95000000 0.01733560
11.05000000 0.00552656
11.15000000 0.00609868
11.25000000 -0.00049280
11.35000000 0.00917554
11.45000000 0.00836063
11.55000000 0.00922722
11.65000000 0.00311017
11.75000000 0.01013377
11.85000000 0.00067455
11.95000000 0.00333949
12.05000000 0.00567931
12.15000000 0.01633019
12.25000000 0.00387955
12.35000000 0.00692397
12.45000000 0.00495234
12.55000000 -0.00031952
12.65000000 -0.02627583
12.75000000 -0.01592729
12.85000000 -0.02066696
12.95000000 -0.04070583
13.05000000 -0.05143361
13.15000000 -0.05486321
13.25000000 -0.06880351
13.35000000 -0.09093419
13.45000000 -0.09617386
13.55000000 -0.10273478
13.65000000 -0.12116804
13.75000000 -0.12347880
13.85000000 -0.13028650
13.95000000 -0.12009449
14.05000000 -0.11648457
14.15000000 -0.10364079
14.25000000 -0.11291135
14.35000000 -0.11343339
14.45000000 -0.10899069
14.55000000 -0.10431452
14.65000000 -0.09566561
14.75000000 -0.08973781
14.85000000 -0.07278350
14.95000000 -0.06979069
110
4.05000000 16.49430646
4.15000000 12.19132971
4.25000000 9.38907193
4.35000000 7.06985030
4.45000000 5.19807675
4.55000000 3.65707405
4.65000000 2.44553914
4.75000000 1.36356836
4.85000000 0.56356939
4.95000000 -0.02556742
5.05000000 -0.38466978
5.15000000 -0.62907106
5.25000000 -0.74467910
5.35000000 -0.75302112
5.45000000 -0.66341296
5.55000000 -0.53552845
5.65000000 -0.41965376
5.75000000 -0.24260073
5.85000000 -0.08281975
5.95000000 0.07881587
6.05000000 0.21621128
6.15000000 0.34427037
6.25000000 0.47240896
6.35000000 0.57125526
6.45000000 0.67913519
6.55000000 0.75679350
6.65000000 0.77384827
6.75000000 0.75575247
6.85000000 0.72309573
6.95000000 0.66865558
7.05000000 0.57953124
7.15000000 0.52222693
7.25000000 0.48134954
7.35000000 0.44325607
7.45000000 0.36736369
7.55000000 0.34826691
7.65000000 0.28195538
7.75000000 0.23167170
7.85000000 0.19217218
7.95000000 0.17276336
8.05000000 0.11892105
8.15000000 0.07501218
8.25000000 0.06557178
8.35000000 0.04175863
8.45000000 0.01947693
8.55000000 0.01796610
8.65000000 0.00462655
8.75000000 -0.00465010
8.85000000 -0.04321896
8.95000000 -0.04266229
9.05000000 -0.04495744
9.15000000 -0.01695698
9.25000000 -0.01975880
9.35000000 -0.00455394
9.45000000 -0.01876281
9.55000000 -0.01395753
9.65000000 0.00954425
9.75000000 0.01978800
9.85000000 0.01767536
9.95000000 0.01246232
10.05000000 0.03074261
10.15000000 0.02491191
10.25000000 0.01492184
10.35000000 0.01609015
10.45000000 0.04607947
10.55000000 0.04632000
10.65000000 0.03397926
10.75000000 0.04230089
10.85000000 0.03960138
10.95000000 0.02609347
11.05000000 0.02355059
11.15000000 0.02047761
11.25000000 0.01922809
11.35000000 0.02560973
11.45000000 0.02167684
11.55000000 0.02920346
11.65000000 0.01973950
11.75000000 0.02711757
11.85000000 0.02178792
11.95000000 0.02291555
12.05000000 0.02586224
12.15000000 0.03658224
12.25000000 0.01733710
12.35000000 0.02166044
12.45000000 0.01851057
12.55000000 0.01113822
12.65000000 -0.01452179
12.75000000 -0.00378454
12.85000000 -0.01003784
12.95000000 -0.03121538
13.05000000 -0.04630671
13.15000000 -0.04970145
13.25000000 -0.06391032
13.35000000 -0.08623798
13.45000000 -0.09110582
13.55000000 -0.09457556
13.65000000 -0.12119920
13.75000000 -0.12419101
13.85000000 -0.12660077
13.95000000 -0.11976436
14.05000000 -0.11457551
14.15000000 -0.10243387
14.25000000 -0.11394076
14.35000000 -0.11818131
14.45000000 -0.11110705
14.55000000 -0.10596834
14.65000000 -0.09740634
14.75000000 -0.09470055
14.85000000 -0.07831715
14.95000000 -0.07900604
110
4.05000000 16.35431240
4.15000000 12.30244081
4.25000000 9.47971610
4.35000000 7.15735642
4.45000000 5.27556813
4.55000000 3.76621956
4.65000000 2.53160105
4.75000000 1.45863252
4.85000000 0.64496074
4.95000000 0.05903699
5.05000000 -0.31553475
5.15000000 -0.56273910
5.25000000 -0.67815641
5.35000000 -0.68968496
5.45000000 -0.60436059
5.55000000 -0.49303451
5.65000000 -0.37853934
5.75000000 -0.20124755
5.85000000 -0.05313293
5.95000000 0.11310924
6.05000000 0.25110394
6.15000000 0.37714064
6.25000000 0.50068889
6.35000000 0.60804183
6.45000000 0.69957207
6.55000000 0.77168079
6.65000000 0.78202079
6.75000000 0.77177215
6.85000000 0.74176068
6.95000000 0.67448017
7.05000000 0.59830405
7.15000000 0.53819755
7.25000000 0.49191401
7.35000000 0.44244709
7.45000000 0.37138758
7.55000000 0.34546715
7.65000000 0.28273316
7.75000000 0.23816257
7.85000000 0.19336802
7.95000000 0.17084163
8.05000000 0.11913433
8.15000000 0.07097261
8.25000000 0.05484436
8.35000000 0.03748459
8.45000000 0.01383833
8.55000000 0.01151635
8.65000000 -0.00078817
8.75000000 -0.01016356
8.85000000 -0.05068465
8.95000000 -0.04538765
9.05000000 -0.05921328
9.15000000 -0.03092825
9.25000000 -0.03182390
9.35000000 -0.02487156
9.45000000 -0.03971376
9.55000000 -0.03626320
9.65000000 -0.00786584
9.75000000 0.00702232
9.85000000 0.00288170
9.95000000 0.00294477
10.05000000 0.02418792
10.15000000 0.01750645
10.25000000 0.01077183
10.35000000 0.01441894
10.45000000 0.04161968
10.55000000 0.04503672
10.65000000 0.03076361
10.75000000 0.04274022
10.85000000 0.04047589
10.95000000 0.02338860
11.05000000 0.02231547
11.15000000 0.02367401
11.25000000 0.01468597
11.35000000 0.03110621
11.45000000 0.02635751
11.55000000 0.03252544
11.65000000 0.02847108
11.75000000 0.03293817
11.85000000 0.02387250
11.95000000 0.02550966
12.05000000 0.02887810
12.15000000 0.03523153
12.25000000 0.01816515
12.35000000 0.02793203
12.45000000 0.01482076
12.55000000 0.01433787
12.65000000 -0.01258103
12.75000000 -0.00510736
12.85000000 -0.01576381
12.95000000 -0.03440252
13.05000000 -0.04633346
13.15000000 -0.05281741
13.25000000 -0.06366530
13.35000000 -0.08169016
13.45000000 -0.08850568
13.55000000 -0.09334893
13.65000000 -0.11248662
13.75000000 -0.11963069
13.85000000 -0.12409409
13.95000000 -0.11401396
14.05000000 -0.10999446
14.15000000 -0.10321838
14.25000000 -0.11051396
14.35000000 -0.11804102
14.45000000 -0.11098885
14.55000000 -0.10287368
14.65000000 -0.09603616
14.75000000 -0.09321580
14.85000000 -0.07706279
14.95000000 -0.07472294
110
4.05000000 19.66593631
4.15000000 15.73184968
4.25000000 12.53946983
4.35000000 10.48036846
4.45000000 8.49147733
4.55000000 6.88926816
4.65000000 5.73572075
4.75000000 4.38643237
4.85000000 3.55041539
4.95000000 2.90460998
5.05000000 2.58598872
5.15000000 2.16942388
5.25000000 1.96681595
5.35000000 1.89883026
5.45000000 1.86314545
5.55000000 1.90888953
5.65000000 1.92649277
5.75000000 2.14596414
5.85000000 2.07769236
5.95000000 2.13508301
6.05000000 2.31776453
6.15000000 2.32312636
6.25000000 2.32693467
6.35000000 2.42252918
6.45000000 2.41831290
6.55000000 2.47948262
6.65000000 2.35959731
6.75000000 2.34090341
6.85000000 2.23479789
6.95000000 2.02917629
7.05000000 1.93487190
7.15000000 1.74739275
7.25000000 1.72161436
7.35000000 1.58271765
7.45000000 1.44887632
7.55000000 1.40444941
7.65000000 1.29259681
7.75000000 1.19060803
7.85000000 1.18533708
7.95000000 1.11091036
8.05000000 0.92255950
8.15000000 0.97405713
8.25000000 0.90736169
8.35000000 0.81821349
8.45000000 0.82003059
8.55000000 0.80162468
8.65000000 0.79893224
8.75000000 0.78309114
8.85000000 0.70181493
8.95000000 0.63194567
9.05000000 0.66507209
9.15000000 0.63703840
9.25000000 0.63813824
9.35000000 0.68877874
9.45000000 0.62402496
9.55000000 0.65134060
9.65000000 0.62408731
9.75000000 0.65301375
9.85000000 0.67698379
9.95000000 0.64665336
10.05000000 0.65736150
10.15000000 0.60043812
10.25000000 0.60377577
10.35000000 0.61907569
10.45000000 0.63135508
10.55000000 0.59337205
10.65000000 0.58028074
10.75000000 0.60683534
10.85000000 0.52582702
10.95000000 0.52388701
11.05000000 0.52006950
11.15000000 0.48723515
11.25000000 0.48655150
11.35000000 0.45489252
11.45000000 0.45674988
11.55000000 0.48456600
11.65000000 0.45768411
11.75000000 0.51319645
11.85000000 0.47478237
11.95000000 0.42717452
12.05000000 0.43118800
12.15000000 0.49157685
12.25000000 0.44870809
12.35000000 0.43766258
12.45000000 0.37475023
12.55000000 0.38707801
12.65000000 0.38608326
12.75000000 0.35752031
12.85000000 0.27472267
12.95000000 0.23656800
13.05000000 0.21225933
13.15000000 0.19957140
13.25000000 0.16585264
13.35000000 0.16147962
13.45000000 0.12432583
13.55000000 0.10105049
13.65000000 0.07775821
13.75000000 0.07572361
13.85000000 0.03518709
13.95000000 0.03268154
14.05000000 0.01154388
14.15000000 0.01089227
14.25000000 -0.01819416
14.35000000 -0.04511495
14.45000000 -0.03994447
14.55000000 -0.06072976
14.65000000 -0.03516148
14.75000000 -0.01198773
14.85000000 -0.00755444
14.95000000 -0.05410712
110
4.05000000 22.58564351
4.15000000 17.23887254
4.25000000 14.44678858
4.35000000 12.17249680
4.45000000 10.25172075
4.55000000 8.59414884
4.65000000 7.30440803
4.75000000 6.00155621
4.85000000 5.12283623
4.95000000 4.47611131
5.05000000 4.04723927
5.15000000 3.60811299
5.25000000 3.38262075
5.35000000 3.30439460
5.45000000 3.22597882
5.55000000 3.23335979
5.65000000 3.24228269
5.75000000 3.35873839
5.85000000 3.29137005
5.95000000 3.35708319
6.05000000 3.43548615
6.15000000 3.43224029
6.25000000 3.37914167
6.35000000 3.43802520
6.45000000 3.35689544
6.55000000 3.41431552
6.65000000 3.20716270
6.75000000 3.17106536
6.85000000 2.98251113
6.95000000 2.81903792
7.05000000 2.70343538
7.15000000 2.44233481
7.25000000 2.38448404
7.35000000 2.19310076
7.45000000 2.06052686
7.55000000 2.01449110
7.65000000 1.87517717
7.75000000 1.78148060
7.85000000 1.68543886
7.95000000 1.58699657
8.05000000 1.44173560
8.15000000 1.44108896
8.25000000 1.37248377
8.35000000 1.30929930
8.45000000 1.24755878
8.55000000 1.22331350
8.65000000 1.20773224
8.75000000 1.15583962
8.85000000 1.09431253
8.95000000 1.00445609
9.05000000 0.99885816
9.15000000 1.03122607
9.25000000 0.96437780
9.35000000 0.98487980
9.45000000 0.94320946
9.55000000 0.93772345
9.65000000 0.95427875
9.75000000 0.96688036
9.85000000 0.97348116
9.95000000 0.93056189
10.05000000 0.97959026
10.15000000 0.91216106
10.25000000 0.94335548
10.35000000 0.92007886
10.45000000 0.94464878
10.55000000 0.91793555
10.65000000 0.88444457
10.75000000 0.90493412
10.85000000 0.85444322
10.95000000 0.85150049
11.05000000 0.80820280
11.15000000 0.83958361
11.25000000 0.84231557
11.35000000 0.79082996
11.45000000 0.75722219
11.55000000 0.76890441
11.65000000 0.73516259
11.75000000 0.73461042
11.85000000 0.69392060
11.95000000 0.67762411
12.05000000 0.67780756
12.15000000 0.68196852
12.25000000 0.61423720
12.35000000 0.62877667
12.45000000 0.59619104
12.55000000 0.59212401
12.65000000 0.54313128
12.75000000 0.53087902
12.85000000 0.45690842
12.95000000 0.42820087
13.05000000 0.40744428
13.15000000 0.37478565
13.25000000 0.34276040
13.35000000 0.33817639
13.45000000 0.28288810
13.55000000 0.25440248
13.65000000 0.22203691
13.75000000 0.18956825
13.85000000 0.18572557
13.95000000 0.16309594
14.05000000 0.13865362
14.15000000 0.14099713
14.25000000 0.12640308
14.35000000 0.05843039
14.45000000 0.07802164
14.55000000 0.06170188
14.65000000 0.08008356
14.75000000 0.07214041
14.85000000 0.05621044
14.95000000 0.05147680
110
4.05000000 22.25592743
4.15000000 17.29231951
4.25000000 14.57319836
4.35000000 12.26009159
4.45000000 10.34271287
4.55000000 8.61733229
4.65000000 7.31603115
4.75000000 6.08958829
4.85000000 5.21275422
4.95000000 4.50630185
5.05000000 4.05956526
5.15000000 3.65417754
5.25000000 3.42576697
5.35000000 3.30998441
5.45000000 3.25088477
5.55000000 3.28334241
5.65000000 3.26067761
5.75000000 3.36566745
5.85000000 3.35427374
5.95000000 3.37997070
6.05000000 3.42524001
6.15000000 3.44446303
6.25000000 3.42968809
6.35000000 3.44633004
6.45000000 3.38136671
6.55000000 3.37713649
6.65000000 3.24045721
6.75000000 3.14872918
6.85000000 3.00028302
6.95000000 2.84007015
7.05000000 2.68660740
7.15000000 2.50737199
7.25000000 2.36595012
7.35000000 2.25390968
7.45000000 2.11593790
7.55000000 2.01504566
7.65000000 1.92925554
7.75000000 1.81966286
7.85000000 1.69821834
7.95000000 1.65392869
8.05000000 1.54364048
8.15000000 1.49787930
8.25000000 1.43102936
8.35000000 1.34352507
8.45000000 1.32046129
8.55000000 1.30838554
8.65000000 1.25975719
8.75000000 1.22413980
8.85000000 1.18714781
8.95000000 1.14890787
9.05000000 1.12455402
9.15000000 1.15278490
9.25000000 1.11596036
9.35000000 1.12858710
9.45000000 1.07632718
9.55000000 1.08082074
9.65000000 1.11747670
9.75000000 1.08271033
9.85000000 1.11673060
9.95000000 1.07914054
10.05000000 1.10449740
10.15000000 1.03759611
10.25000000 1.07259624
10.35000000 1.06203760
10.45000000 1.06792024
10.55000000 1.07134455
10.65000000 1.04344623
10.75000000 1.05949081
10.85000000 1.01479371
10.95000000 1.00889371
11.05000000 0.96424387
11.15000000 0.97589983
11.25000000 0.96741449
11.35000000 0.95444435
11.45000000 0.95124033
11.55000000 0.94854669
11.65000000 0.92102665
11.75000000 0.91085441
11.85000000 0.88261116
11.95000000 0.85587017
12.05000000 0.84123778
12.15000000 0.86711045
12.25000000 0.79001346
12.35000000 0.80052601
12.45000000 0.74297358
12.55000000 0.74163627
12.65000000 0.69565366
12.75000000 0.68103542
12.85000000 0.65603607
12.95000000 0.61607311
13.05000000 0.60265877
13.15000000 0.55267831
13.25000000 0.53586973
13.35000000 0.50449331
13.45000000 0.44217481
13.55000000 0.42947626
13.65000000 0.38216387
13.75000000 0.34560192
13.85000000 0.31596318
13.95000000 0.28806014
14.05000000 0.26311426
14.15000000 0.24964006
14.25000000 0.22094870
14.35000000 0.17773087
14.45000000 0.17850582
14.55000000 0.14536716
14.65000000 0.13561998
14.75000000 0.12135554
14.85000000 0.10647953
14.95000000 0.09906218
110
4.05000000 22.27843946
4.15000000 17.59960049
4.25000000 14.70138603
4.35000000 12.31746395
4.45000000 10.42605731
4.55000000 8.75532214
4.65000000 7.51374568
4.75000000 6.24498698
4.85000000 5.39277415
4.95000000 4.66843626
5.05000000 4.19627889
5.15000000 3.83161602
5.25000000 3.59586935
5.35000000 3.47520248
5.45000000 3.40414685
5.55000000 3.43060360
5.65000000 3.39698041
5.75000000 3.50772412
5.85000000 3.48484227
5.95000000 3.52781738
6.05000000 3.57016207
6.15000000 3.58702913
6.25000000 3.59779071
6.35000000 3.56842528
6.45000000 3.54790022
6.55000000 3.51281751
6.65000000 3.40870309
6.75000000 3.33232038
6.85000000 3.17243789
6.95000000 3.04878776
7.05000000 2.89089598
7.15000000 2.70113207
7.25000000 2.57053064
7.35000000 2.46521819
7.45000000 2.33505833
7.55000000 2.24245351
7.65000000 2.12088363
7.75000000 1.98875530
7.85000000 1.90310158
7.95000000 1.85656006
8.05000000 1.74271559
8.15000000 1.68609129
8.25000000 1.61421991
8.35000000 1.52732223
8.45000000 1.49138822
8.55000000 1.48270094
8.65000000 1.42820470
8.75000000 1.35539510
8.85000000 1.31483192
8.95000000 1.27583167
9.05000000 1.24509284
9.15000000 1.25030151
9.25000000 1.23076104
9.35000000 1.22593396
9.45000000 1.17960934
9.55000000 1.17610355
9.65000000 1.19379408
9.75000000 1.17854313
9.85000000 1.19574657
9.95000000 1.16007955
10.05000000 1.18438745
10.15000000 1.16499024
10.25000000 1.16493642
10.35000000 1.14000139
10.45000000 1.17167214
10.55000000 1.15089082
10.65000000 1.12988299
10.75000000 1.14352857
10.85000000 1.09704130
10.95000000 1.07979620
11.05000000 1.05897747
11.15000000 1.05160179
11.25000000 1.03760317
11.35000000 1.00078429
11.45000000 1.01478267
11.55000000 1.00151078
11.65000000 0.98373967
11.75000000 0.95124107
11.85000000 0.92690136
11.95000000 0.90361508
12.05000000 0.86109686
12.15000000 0.87047887
12.25000000 0.81268266
12.35000000 0.81363580
12.45000000 0.77064385
12.55000000 0.76358208
12.65000000 0.72152356
12.75000000 0.69425755
12.85000000 0.66718861
12.95000000 0.62715743
13.05000000 0.58952833
13.15000000 0.56645542
13.25000000 0.53381099
13.35000000 0.47897289
13.45000000 0.44176018
13.55000000 0.40501533
13.65000000 0.36798219
13.75000000 0.32965464
13.85000000 0.31770269
13.95000000 0.28996110
14.05000000 0.25624144
14.15000000 0.25747587
14.25000000 0.21896361
14.35000000 0.18532828
14.45000000 0.17808825
14.55000000 0.16377454
14.65000000 0.13536822
14.75000000 0.12797204
14.85000000 0.12084608
14.95000000 0.10803588
110
4.05000000 22.12461087
4.15000000 18.07507935
4.25000000 14.70056267
4.35000000 12.40152829
4.45000000 10.28786129
4.55000000 8.62116247
4.65000000 7.38256781
4.75000000 6.13978210
4.85000000 5.24827687
4.95000000 4.53317525
5.05000000 4.04369698
5.15000000 3.70331784
5.25000000 3.43070138
5.35000000 3.32748318
5.45000000 3.27360732
5.55000000 3.32229444
5.65000000 3.26680940
5.75000000 3.35802771
5.85000000 3.38458447
5.95000000 3.41166433
6.05000000 3.44140651
6.15000000 3.46118272
6.25000000 3.50015939
6.35000000 3.49026177
6.45000000 3.46323232
6.55000000 3.44394693
6.65000000 3.36582443
6.75000000 3.26214924
6.85000000 3.11893309
6.95000000 2.99051139
7.05000000 2.87442699
7.15000000 2.69681617
7.25000000 2.58732590
7.35000000 2.47872208
7.45000000 2.31543062
7.55000000 2.21931693
7.65000000 2.14121838
7.75000000 1.99703389
7.85000000 1.92516122
7.95000000 1.86288454
8.05000000 1.75893337
8.15000000 1.71159603
8.25000000 1.65231353
8.35000000 1.55918347
8.45000000 1.55299851
8.55000000 1.49908298
8.65000000 1.44508395
8.75000000 1.38166859
8.85000000 1.35216027
8.95000000 1.34352371
9.05000000 1.29669629
9.15000000 1.31774958
9.25000000 1.27647899
9.35000000 1.29492287
9.45000000 1.24963003
9.55000000 1.26718487
9.65000000 1.25891261
9.75000000 1.25277055
9.85000000 1.25390199
9.95000000 1.23163205
10.05000000 1.26380630
10.15000000 1.24097660
10.25000000 1.21636848
10.35000000 1.20254760
10.45000000 1.22980002
10.55000000 1.20501123
10.65000000 1.18664811
10.75000000 1.17787217
10.85000000 1.15991647
10.95000000 1.13478636
11.05000000 1.11769386
11.15000000 1.09806579
11.25000000 1.05324445
11.35000000 1.06193455
11.45000000 1.05468016
11.55000000 1.01481849
11.65000000 0.99629196
11.75000000 0.99140096
11.85000000 0.94215540
11.95000000 0.92682910
12.05000000 0.89691543
12.15000000 0.89333997
12.25000000 0.85310675
12.35000000 0.82480466
12.45000000 0.80444219
12.55000000 0.76294050
12.65000000 0.70887091
12.75000000 0.69664404
12.85000000 0.64792299
12.95000000 0.61877361
13.05000000 0.58631617
13.15000000 0.56433965
13.25000000 0.50924977
13.35000000 0.45807211
13.45000000 0.41541056
13.55000000 0.37675694
13.65000000 0.33780740
13.75000000 0.31640429
13.85000000 0.29159695
13.95000000 0.27701433
14.05000000 0.24594230
14.15000000 0.24235314
14.25000000 0.20476728
14.35000000 0.16622221
14.45000000 0.14812091
14.55000000 0.14865305
14.65000000 0.12735403
14.75000000 0.10483629
14.85000000 0.10851717
14.95000000 0.09578547
110
4.05000000 21.36125463
4.15000000 18.03850792
4.25000000 14.88762386
4.35000000 12.57114379
4.45000000 10.51126882
4.55000000 8.89439926
4.65000000 7.64322492
4.75000000 6.41619708
4.85000000 5.50174831
4.95000000 4.80288846
5.05000000 4.32405494
5.15000000 3.95914563
5.25000000 3.68585694
5.35000000 3.60769915
5.45000000 3.54823878
5.55000000 3.57906869
5.65000000 3.53375424
5.75000000 3.62730806
5.85000000 3.64100625
5.95000000 3.67433135
6.05000000 3.71931520
6.15000000 3.72927094
6.25000000 3.74502185
6.35000000 3.69907337
6.45000000 3.69813037
6.55000000 3.67734427
6.65000000 3.60538581
6.75000000 3.48654147
6.85000000 3.31992987
6.95000000 3.16264116
7.05000000 3.04644433
7.15000000 2.86167519
7.25000000 2.73185300
7.35000000 2.61105036
7.45000000 2.47409912
7.55000000 2.37540445
7.65000000 2.28153372
7.75000000 2.13859437
7.85000000 2.07379193
7.95000000 1.99431237
8.05000000 1.89978168
8.15000000 1.81801237
8.25000000 1.76494370
8.35000000 1.68764167
8.45000000 1.67239875
8.55000000 1.63406410
8.65000000 1.59371685
8.75000000 1.51666195
8.85000000 1.45967922
8.95000000 1.43859735
9.05000000 1.39977944
9.15000000 1.41727836
9.25000000 1.39074719
9.35000000 1.39345308
9.45000000 1.34450921
9.55000000 1.35243230
9.65000000 1.36131939
9.75000000 1.35030770
9.85000000 1.33035521
9.95000000 1.30165638
10.05000000 1.30444411
10.15000000 1.29894674
10.25000000 1.27714714
10.35000000 1.24926792
10.45000000 1.27462201
10.55000000 1.25728410
10.65000000 1.21110829
10.75000000 1.20036491
10.85000000 1.17410286
10.95000000 1.14624845
11.05000000 1.10602049
11.15000000 1.07991428
11.25000000 1.05096904
11.35000000 1.04575112
11.45000000 1.01971609
11.55000000 0.99047198
11.65000000 0.95337424
11.75000000 0.96770602
11.85000000 0.90626474
11.95000000 0.88827824
12.05000000 0.84699449
12.15000000 0.85912130
12.25000000 0.79444638
12.35000000 0.78397786
12.45000000 0.73639254
12.55000000 0.70880235
12.65000000 0.66061438
12.75000000 0.63113524
12.85000000 0.59954837
12.95000000 0.57844040
13.05000000 0.52605705
13.15000000 0.50006673
13.25000000 0.44963531
13.35000000 0.41120790
13.45000000 0.37077707
13.55000000 0.34165476
13.65000000 0.30441526
13.75000000 0.28033644
13.85000000 0.24991528
13.95000000 0.22367893
14.05000000 0.20225234
14.15000000 0.21863358
14.25000000 0.16970436
14.35000000 0.14479952
14.45000000 0.12069219
14.55000000 0.12417335
14.65000000 0.11176143
14.75000000 0.09353696
14.85000000 0.09528070
14.95000000 0.07251412
110
4.05000000 21.68729793
4.15000000 18.25540949
4.25000000 15.17851441
4.35000000 12.71941275
4.45000000 10.67290621
4.55000000 9.07740979
4.65000000 7.79064053
4.75000000 6.56502543
4.85000000 5.64885859
4.95000000 4.94210532
5.05000000 4.44494028
5.15000000 4.06768355
5.25000000 3.79058568
5.35000000 3.69151381
5.45000000 3.63610501
5.55000000 3.65969978
5.65000000 3.63669440
5.75000000 3.69195892
5.85000000 3.71916122
5.95000000 3.75320831
6.05000000 3.76311462
6.15000000 3.77692408
6.25000000 3.78970381
6.35000000 3.75765659
6.45000000 3.74097323
6.55000000 3.69995468
6.65000000 3.58916305
6.75000000 3.49559032
6.85000000 3.31844489
6.95000000 3.16817665
7.05000000 3.00756506
7.15000000 2.84393900
7.25000000 2.70879168
7.35000000 2.59829286
7.45000000 2.46322966
7.55000000 2.33414750
7.65000000 2.22842522
7.75000000 2.11292720
7.85000000 2.02034606
7.95000000 1.96797061
8.05000000 1.86539344
8.15000000 1.78846731
8.25000000 1.71720245
8.35000000 1.66780977
8.45000000 1.61063881
8.55000000 1.58550899
8.65000000 1.55152139
8.75000000 1.50794121
8.85000000 1.44246827
8.95000000 1.43326825
9.05000000 1.38212228
9.15000000 1.37975427
9.25000000 1.36189980
9.35000000 1.35508745
9.45000000 1.30540355
9.55000000 1.31097781
9.65000000 1.32564299
9.75000000 1.31824637
9.85000000 1.29297187
9.95000000 1.28157576
10.05000000 1.26859575
10.15000000 1.26375340
10.25000000 1.24926316
10.35000000 1.22593777
10.45000000 1.24062966
10.55000000 1.23416170
10.65000000 1.18880049
10.75000000 1.19408881
10.85000000 1.15432968
10.95000000 1.13568527
11.05000000 1.09575320
11.15000000 1.07891531
11.25000000 1.05753997
11.35000000 1.02794999
11.45000000 1.01291092
11.55000000 0.99064121
11.65000000 0.95946859
11.75000000 0.96276572
11.85000000 0.91894036
11.95000000 0.90009988
12.05000000 0.86856224
12.15000000 0.87325518
12.25000000 0.80809945
12.35000000 0.80937749
12.45000000 0.75267237
12.55000000 0.73060048
12.65000000 0.68216159
12.75000000 0.64625556
12.85000000 0.62507026
12.95000000 0.59440946
13.05000000 0.56077040
13.15000000 0.51876827
13.25000000 0.47546442
13.35000000 0.43819487
13.45000000 0.39469527
13.55000000 0.37225672
13.65000000 0.32237070
13.75000000 0.30206550
13.85000000 0.26537509
13.95000000 0.23633010
14.05000000 0.21190826
14.15000000 0.21144263
14.25000000 0.16984589
14.35000000 0.15245657
14.45000000 0.13275853
14.55000000 0.12913716
14.65000000 0.10744709
14.75000000 0.09819751
14.85000000 0.08539491
14.95000000 0.07386060
110
4.05000000 22.05825723
4.15000000 17.64625243
4.25000000 14.94318747
4.35000000 12.55207115
4.45000000 10.45358968
4.55000000 8.85865042
4.65000000 7.56170053
4.75000000 6.34208303
4.85000000 5.43470188
4.95000000 4.70430877
5.05000000 4.24925820
5.15000000 3.89301353
5.25000000 3.64103613
5.35000000 3.53362465
5.45000000 3.49040230
5.55000000 3.51663930
5.65000000 3.49830127
5.75000000 3.57925654
5.85000000 3.60756031
5.95000000 3.65481919
6.05000000 3.65998349
6.15000000 3.66758384
6.25000000 3.68040616
6.35000000 3.65180012
6.45000000 3.64182370
6.55000000 3.62761242
6.65000000 3.51919457
6.75000000 3.42483118
6.85000000 3.27388635
6.95000000 3.12580994
7.05000000 2.96490523
7.15000000 2.82544455
7.25000000 2.66517918
7.35000000 2.54891137
7.45000000 2.43762239
7.55000000 2.31838166
7.65000000 2.20887811
7.75000000 2.09667261
7.85000000 2.00091367
7.95000000 1.96276554
8.05000000 1.86462821
8.15000000 1.77263339
8.25000000 1.71919760
8.35000000 1.67285034
8.45000000 1.62074827
8.55000000 1.59384656
8.65000000 1.55360590
8.75000000 1.49773608
8.85000000 1.45036170
8.95000000 1.42297882
9.05000000 1.39094438
9.15000000 1.39392169
9.25000000 1.36228897
9.35000000 1.37157794
9.45000000 1.32478128
9.55000000 1.34190204
9.65000000 1.31754166
9.75000000 1.32672224
9.85000000 1.30166531
9.95000000 1.30121361
10.05000000 1.27107228
10.15000000 1.26504023
10.25000000 1.24507055
10.35000000 1.22783652
10.45000000 1.23869346
10.55000000 1.22036981
10.65000000 1.17493933
10.75000000 1.17896226
10.85000000 1.16387532
10.95000000 1.11918969
11.05000000 1.08463392
11.15000000 1.05592322
11.25000000 1.04974817
11.35000000 1.00663161
11.45000000 1.00740922
11.55000000 0.98106150
11.65000000 0.94339439
11.75000000 0.93481043
11.85000000 0.90490225
11.95000000 0.87857333
12.05000000 0.86546994
12.15000000 0.84253058
12.25000000 0.78469308
12.35000000 0.77710687
12.45000000 0.72731931
12.55000000 0.69865418
12.65000000 0.65310017
12.75000000 0.62926677
12.85000000 0.61063191
12.95000000 0.56425067
13.05000000 0.52750038
13.15000000 0.48025859
13.25000000 0.44578323
13.35000000 0.39178632
13.45000000 0.37808895
13.55000000 0.34100917
13.65000000 0.29167038
13.75000000 0.25966845
13.85000000 0.22591841
13.95000000 0.20331118
14.05000000 0.18187019
14.15000000 0.18110916
14.25000000 0.15633817
14.35000000 0.12758255
14.45000000 0.11287493
14.55000000 0.09575094
14.65000000 0.08068204
14.75000000 0.07050764
14.85000000 0.06698056
14.95000000 0.05633950
110
4.05000000 21.82783688
4.15000000 17.83364757
4.25000000 14.88570368
4.35000000 12.57013876
4.45000000 10.49033524
4.55000000 8.89746711
4.65000000 7.53920581
4.75000000 6.36837571
4.85000000 5.41975466
4.95000000 4.71188047
5.05000000 4.23773871
5.15000000 3.86673915
5.25000000 3.59899352
5.35000000 3.47053568
5.45000000 3.42402907
5.55000000 3.44477164
5.65000000 3.43208602
5.75000000 3.48449142
5.85000000 3.49790417
5.95000000 3.54862195
6.05000000 3.56488007
6.15000000 3.59426744
6.25000000 3.56827937
6.35000000 3.58196426
6.45000000 3.53340227
6.55000000 3.54576144
6.65000000 3.43134925
6.75000000 3.33636578
6.85000000 3.18367815
6.95000000 3.02343460
7.05000000 2.84710313
7.15000000 2.71214509
7.25000000 2.59225042
7.35000000 2.46620929
7.45000000 2.33972889
7.55000000 2.25620122
7.65000000 2.13138887
7.75000000 2.02214788
7.85000000 1.93622237
7.95000000 1.88314921
8.05000000 1.77642365
8.15000000 1.71136391
8.25000000 1.65196959
8.35000000 1.62028972
8.45000000 1.56046491
8.55000000 1.53262331
8.65000000 1.49363559
8.75000000 1.45976132
8.85000000 1.42462648
8.95000000 1.38900166
9.05000000 1.33985144
9.15000000 1.36179655
9.25000000 1.33990723
9.35000000 1.33352615
9.45000000 1.29399323
9.55000000 1.29384616
9.65000000 1.28678958
9.75000000 1.29981808
9.85000000 1.24929688
9.95000000 1.25221266
10.05000000 1.23897595
10.15000000 1.22869368
10.25000000 1.19957673
10.35000000 1.18048839
10.45000000 1.19456070
10.55000000 1.18007456
10.65000000 1.13689071
10.75000000 1.13911831
10.85000000 1.11165765
10.95000000 1.07590567
11.05000000 1.05273461
11.15000000 1.03012042
11.25000000 1.02699849
11.35000000 0.98355099
11.45000000 0.97042226
11.55000000 0.96274552
11.65000000 0.91895414
11.75000000 0.90956343
11.85000000 0.87427556
11.95000000 0.83837655
12.05000000 0.82717991
12.15000000 0.82114583
12.25000000 0.76566674
12.35000000 0.75893543
12.45000000 0.72589372
12.55000000 0.69297890
12.65000000 0.64555928
12.75000000 0.62317565
12.85000000 0.59885646
12.95000000 0.55067901
13.05000000 0.52238078
13.15000000 0.48328776
13.25000000 0.45242895
13.35000000 0.40380712
13.45000000 0.38006845
13.55000000 0.33941296
13.65000000 0.29095589
13.75000000 0.26367323
13.85000000 0.22990176
13.95000000 0.21554261
14.05000000 0.20125684
14.15000000 0.19067714
14.25000000 0.16737933
14.35000000 0.13284959
14.45000000 0.11822171
14.55000000 0.10759000
14.65000000 0.09337414
14.75000000 0.07840126
14.85000000 0.07202582
14.95000000 0.06560928
110
4.05000000 21.59153266
4.15000000 18.02035121
4.25000000 15.00553282
4.35000000 12.67144676
4.45000000 10.60321477
4.55000000 9.00245836
4.65000000 7.67976539
4.75000000 6.50924533
4.85000000 5.55799506
4.95000000 4.87221613
5.05000000 4.37672902
5.15000000 4.02087088
5.25000000 3.76493457
5.35000000 3.64341820
5.45000000 3.58943652
5.55000000 3.61175004
5.65000000 3.60087720
5.75000000 3.64764203
5.85000000 3.67716131
5.95000000 3.72172769
6.05000000 3.74417375
6.15000000 3.77900744
6.25000000 3.75935953
6.35000000 3.75365580
6.45000000 3.71586724
6.55000000 3.70767112
6.65000000 3.58179814
6.75000000 3.50104794
6.85000000 3.35709159
6.95000000 3.22748712
7.05000000 3.01073860
7.15000000 2.89195469
7.25000000 2.74566472
7.35000000 2.61726075
7.45000000 2.50785676
7.55000000 2.40330182
7.65000000 2.27690287
7.75000000 2.19585211
7.85000000 2.09912756
7.95000000 2.01782492
8.05000000 1.93649803
8.15000000 1.86502995
8.25000000 1.79991544
8.35000000 1.76613672
8.45000000 1.70277898
8.55000000 1.67339032
8.65000000 1.64039469
8.75000000 1.57915363
8.85000000 1.53508156
8.95000000 1.50674704
9.05000000 1.44919687
9.15000000 1.46723644
9.25000000 1.44150541
9.35000000 1.43898203
9.45000000 1.39639929
9.55000000 1.38452850
9.65000000 1.37741812
9.75000000 1.38043788
9.85000000 1.36205018
9.95000000 1.33630700
10.05000000 1.33106723
10.15000000 1.31980567
10.25000000 1.28615238
10.35000000 1.26082242
10.45000000 1.28570405
10.55000000 1.27114362
10.65000000 1.22617328
10.75000000 1.22115056
10.85000000 1.19266467
10.95000000 1.15215899
11.05000000 1.13669091
11.15000000 1.10863307
11.25000000 1.08803465
11.35000000 1.04794402
11.45000000 1.04073925
11.55000000 1.01140615
11.65000000 0.98578279
11.75000000 0.95903687
11.85000000 0.91705520
11.95000000 0.89132836
12.05000000 0.86908112
12.15000000 0.85304523
12.25000000 0.80258848
12.35000000 0.78512447
12.45000000 0.75177146
12.55000000 0.72117191
12.65000000 0.67012986
12.75000000 0.65050338
12.85000000 0.62376916
12.95000000 0.57615327
13.05000000 0.52474877
13.15000000 0.49591084
13.25000000 0.45932225
13.35000000 0.41614429
13.45000000 0.38258769
13.55000000 0.35457439
13.65000000 0.31550885
13.75000000 0.28651770
13.85000000 0.25543146
13.95000000 0.24554441
14.05000000 0.22841264
14.15000000 0.20461546
14.25000000 0.18324670
14.35000000 0.15075572
14.45000000 0.14096435
14.55000000 0.13181281
14.65000000 0.11017372
14.75000000 0.09999946
14.85000000 0.09108010
14.95000000 0.06935705
110
4.05000000 21.65723094
4.15000000 17.94793137
4.25000000 14.95734159
4.35000000 12.60704814
4.45000000 10.55530580
4.55000000 8.94781056
4.65000000 7.62575473
4.75000000 6.45360651
4.85000000 5.50957210
4.95000000 4.81929086
5.05000000 4.32951082
5.15000000 3.97263726
5.25000000 3.71798155
5.35000000 3.59754089
5.45000000 3.54673480
5.55000000 3.56803263
5.65000000 3.55834958
5.75000000 3.60715221
5.85000000 3.63969914
5.95000000 3.68352617
6.05000000 3.70434152
6.15000000 3.73872273
6.25000000 3.72339268
6.35000000 3.71962413
6.45000000 3.68643424
6.55000000 3.67793440
6.65000000 3.55842639
6.75000000 3.47012084
6.85000000 3.33124452
6.95000000 3.19555418
7.05000000 2.99033323
7.15000000 2.86743132
7.25000000 2.72745280
7.35000000 2.60010639
7.45000000 2.48454513
7.55000000 2.38248372
7.65000000 2.25655868
7.75000000 2.17146086
7.85000000 2.07572215
7.95000000 1.99890588
8.05000000 1.91520254
8.15000000 1.84058081
8.25000000 1.77758386
8.35000000 1.74007932
8.45000000 1.67865149
8.55000000 1.64672191
8.65000000 1.61569349
8.75000000 1.55533611
8.85000000 1.51030013
8.95000000 1.48080568
9.05000000 1.43047863
9.15000000 1.44518128
9.25000000 1.42061648
9.35000000 1.41685835
9.45000000 1.37658831
9.55000000 1.36471763
9.65000000 1.36091312
9.75000000 1.36146649
9.85000000 1.34379173
9.95000000 1.31948476
10.05000000 1.31617200
10.15000000 1.30422760
10.25000000 1.27123610
10.35000000 1.24896335
10.45000000 1.27099721
10.55000000 1.25550199
10.65000000 1.21408572
10.75000000 1.20830795
10.85000000 1.18071171
10.95000000 1.14111591
11.05000000 1.12370734
11.15000000 1.09652257
11.25000000 1.07593207
11.35000000 1.03940861
11.45000000 1.03054049
11.55000000 1.00157517
11.65000000 0.97633828
11.75000000 0.95235045
11.85000000 0.91236632
11.95000000 0.88630019
12.05000000 0.86233419
12.15000000 0.84786604
12.25000000 0.79899916
12.35000000 0.78179891
12.45000000 0.74932110
12.55000000 0.71785742
12.65000000 0.66672715
12.75000000 0.64709985
12.85000000 0.62012050
12.95000000 0.57396220
13.05000000 0.52477871
13.15000000 0.49543758
13.25000000 0.45818242
13.35000000 0.41463984
13.45000000 0.38070966
13.55000000 0.35221130
13.65000000 0.31171604
13.75000000 0.28193754
13.85000000 0.25107708
13.95000000 0.23916893
14.05000000 0.22246690
14.15000000 0.20036392
14.25000000 0.17738639
14.35000000 0.14553868
14.45000000 0.13476706
14.55000000 0.12557464
14.65000000 0.10360295
14.75000000 0.09443783
14.85000000 0.08585231
14.95000000 0.06722709
110
4.05000000 21.65187657
4.15000000 17.82271298
4.25000000 14.84778702
4.35000000 12.49234502
4.45000000 10.45535183
4.55000000 8.84883655
4.65000000 7.52348394
4.75000000 6.35332349
4.85000000 5.41385173
4.95000000 4.72415862
5.05000000 4.23880311
5.15000000 3.88269756
5.25000000 3.63210419
5.35000000 3.51353216
5.45000000 3.46741772
5.55000000 3.48781845
5.65000000 3.48112696
5.75000000 3.53177224
5.85000000 3.56791977
5.95000000 3.61400229
6.05000000 3.63483546
6.15000000 3.67171251
6.25000000 3.66229826
6.35000000 3.65778198
6.45000000 3.63201439
6.55000000 3.62272394
6.65000000 3.51043293
6.75000000 3.41945753
6.85000000 3.28471327
6.95000000 3.14849640
7.05000000 2.95081775
7.15000000 2.82529964
7.25000000 2.69040137
7.35000000 2.56567460
7.45000000 2.44723160
7.55000000 2.34748499
7.65000000 2.22593826
7.75000000 2.13777322
7.85000000 2.04465309
7.95000000 1.97119213
8.05000000 1.88842323
8.15000000 1.81355973
8.25000000 1.75376525
8.35000000 1.71370861
8.45000000 1.65684332
8.55000000 1.62459183
8.65000000 1.59463625
8.75000000 1.53836629
8.85000000 1.49172807
8.95000000 1.46203138
9.05000000 1.41827104
9.15000000 1.43036243
9.25000000 1.40813083
9.35000000 1.40315108
9.45000000 1.36670091
9.55000000 1.35437571
9.65000000 1.35358272
9.75000000 1.35320195
9.85000000 1.33561372
9.95000000 1.31383616
10.05000000 1.31254543
10.15000000 1.29885408
10.25000000 1.26717389
10.35000000 1.24743233
10.45000000 1.26820522
10.55000000 1.25327630
10.65000000 1.21431747
10.75000000 1.20764312
10.85000000 1.18207360
10.95000000 1.14298615
11.05000000 1.12188420
11.15000000 1.09617579
11.25000000 1.07533873
11.35000000 1.04256858
11.45000000 1.03076530
11.55000000 1.00216652
11.65000000 0.97670456
11.75000000 0.95501112
11.85000000 0.91608558
11.95000000 0.88881535
12.05000000 0.86643872
12.15000000 0.85066106
12.25000000 0.80414046
12.35000000 0.78594330
12.45000000 0.75351349
12.55000000 0.72152823
12.65000000 0.66966307
12.75000000 0.65110134
12.85000000 0.62243181
12.95000000 0.57725772
13.05000000 0.52998423
13.15000000 0.49918924
13.25000000 0.46220780
13.35000000 0.41805766
13.45000000 0.38421666
13.55000000 0.35476802
13.65000000 0.31301865
13.75000000 0.28227037
13.85000000 0.25146036
13.95000000 0.23811703
14.05000000 0.22091022
14.15000000 0.19968571
14.25000000 0.17587755
14.35000000 0.14320022
14.45000000 0.13270361
14.55000000 0.12233089
14.65000000 0.10128631
14.75000000 0.08989438
14.85000000 0.08280135
14.95000000 0.06506209
110
4.05000000 21.67565900
4.15000000 17.76854195
4.25000000 14.80112969
4.35000000 12.44246877
4.45000000 10.41078411
4.55000000 8.80095691
4.65000000 7.47524450
4.75000000 6.30649833
4.85000000 5.36983322
4.95000000 4.67799239
5.05000000 4.19455689
5.15000000 3.83730578
5.25000000 3.58750376
5.35000000 3.46745064
5.45000000 3.42218199
5.55000000 3.44262503
5.65000000 3.43773256
5.75000000 3.48880645
5.85000000 3.52733669
5.95000000 3.57369705
6.05000000 3.59475391
6.15000000 3.62810561
6.25000000 3.62390091
6.35000000 3.62060930
6.45000000 3.59807446
6.55000000 3.58892905
6.65000000 3.48024418
6.75000000 3.38695509
6.85000000 3.25360435
6.95000000 3.11687080
7.05000000 2.92600751
7.15000000 2.79735520
7.25000000 2.66554010
7.35000000 2.54259515
7.45000000 2.42029497
7.55000000 2.32222420
7.65000000 2.20210719
7.75000000 2.11242292
7.85000000 2.02020714
7.95000000 1.95008766
8.05000000 1.86640654
8.15000000 1.79145981
8.25000000 1.73398691
8.35000000 1.69305571
8.45000000 1.63696222
8.55000000 1.60423611
8.65000000 1.57400246
8.75000000 1.51953391
8.85000000 1.47158094
8.95000000 1.44272656
9.05000000 1.40278102
9.15000000 1.41359800
9.25000000 1.39147031
9.35000000 1.38612367
9.45000000 1.35189376
9.55000000 1.33988670
9.65000000 1.34017243
9.75000000 1.33836936
9.85000000 1.32098490
9.95000000 1.30037490
10.05000000 1.29990667
10.15000000 1.28498924
10.25000000 1.25398825
10.35000000 1.23598617
10.45000000 1.25340152
10.55000000 1.23861930
10.65000000 1.20078173
10.75000000 1.19377374
10.85000000 1.16914106
10.95000000 1.13041119
11.05000000 1.10723514
11.15000000 1.08401443
11.25000000 1.06136686
11.35000000 1.03233478
11.45000000 1.01835599
11.55000000 0.99098910
11.65000000 0.96502777
11.75000000 0.94402319
11.85000000 0.90736244
11.95000000 0.87910753
12.05000000 0.85600168
12.15000000 0.84169411
12.25000000 0.79590709
12.35000000 0.77786469
12.45000000 0.74600499
12.55000000 0.71313561
12.65000000 0.66324825
12.75000000 0.64398600
12.85000000 0.61608439
12.95000000 0.57105599
13.05000000 0.52569973
13.15000000 0.49521852
13.25000000 0.45806498
13.35000000 0.41283021
13.45000000 0.37949007
13.55000000 0.34947206
13.65000000 0.30692652
13.75000000 0.27548778
13.85000000 0.24559805
13.95000000 0.23076531
14.05000000 0.21341752
14.15000000 0.19289349
14.25000000 0.16855108
14.35000000 0.13703229
14.45000000 0.12650788
14.55000000 0.11496634
14.65000000 0.09466819
14.75000000 0.08334641
14.85000000 0.07679787
14.95000000 0.06030864
110
4.05000000 21.72219989
4.15000000 17.77619050
4.25000000 14.81794985
4.35000000 12.44269234
4.45000000 10.42256099
4.55000000 8.80530152
4.65000000 7.48251804
4.75000000 6.31353298
4.85000000 5.37943460
4.95000000 4.68502215
5.05000000 4.20497091
5.15000000 3.84680143
5.25000000 3.59765685
5.35000000 3.47746916
5.45000000 3.43516164
5.55000000 3.45351703
5.65000000 3.45098530
5.75000000 3.50241947
5.85000000 3.54160931
5.95000000 3.58723132
6.05000000 3.60740284
6.15000000 3.63911214
6.25000000 3.63704332
6.35000000 3.63426318
6.45000000 3.61346110
6.55000000 3.60180081
6.65000000 3.49635374
6.75000000 3.40004536
6.85000000 3.26825768
6.95000000 3.12808845
7.05000000 2.94103314
7.15000000 2.80851399
7.25000000 2.68004658
7.35000000 2.55687632
7.45000000 2.43128217
7.55000000 2.33546608
7.65000000 2.21657733
7.75000000 2.12453736
7.85000000 2.03350026
7.95000000 1.96444132
8.05000000 1.88039172
8.15000000 1.80462942
8.25000000 1.74717839
8.35000000 1.70540170
8.45000000 1.65075009
8.55000000 1.61599777
8.65000000 1.58310517
8.75000000 1.53080249
8.85000000 1.48094170
8.95000000 1.45148154
9.05000000 1.41415039
9.15000000 1.42242886
9.25000000 1.40106210
9.35000000 1.39437446
9.45000000 1.36021225
9.55000000 1.34860642
9.65000000 1.34915640
9.75000000 1.34640554
9.85000000 1.32901001
9.95000000 1.30824629
10.05000000 1.30762343
10.15000000 1.29280840
10.25000000 1.26151176
10.35000000 1.24422045
10.45000000 1.26041691
10.55000000 1.24543268
10.65000000 1.20865707
10.75000000 1.20024054
10.85000000 1.17594287
10.95000000 1.13671715
11.05000000 1.11235191
11.15000000 1.08847238
11.25000000 1.06504710
11.35000000 1.03835515
11.45000000 1.02256755
11.55000000 0.99577265
11.65000000 0.96977846
11.75000000 0.95007176
11.85000000 0.91401505
11.95000000 0.88574235
12.05000000 0.86139012
12.15000000 0.84736842
12.25000000 0.80160000
12.35000000 0.78328595
12.45000000 0.75093047
12.55000000 0.71734535
12.65000000 0.66745410
12.75000000 0.64840253
12.85000000 0.62066107
12.95000000 0.57513888
13.05000000 0.53131570
13.15000000 0.49953072
13.25000000 0.46251399
13.35000000 0.41643862
13.45000000 0.38383143
13.55000000 0.35256769
13.65000000 0.30864891
13.75000000 0.27782999
13.85000000 0.24861793
13.95000000 0.23310752
14.05000000 0.21503215
14.15000000 0.19502249
14.25000000 0.16969634
14.35000000 0.13922391
14.45000000 0.12721398
14.55000000 0.11557753
14.65000000 0.09523244
14.75000000 0.08390112
14.85000000 0.07695565
14.95000000 0.06099948
110
4.05000000 21.73421329
4.15000000 17.70329194
4.25000000 14.75610782
4.35000000 12.37743896
4.45000000 10.36589507
4.55000000 8.74771968
4.65000000 7.42377205
4.75000000 6.26102467
4.85000000 5.33134808
4.95000000 4.63603917
5.05000000 4.15844992
5.15000000 3.80315700
5.25000000 3.55428074
5.35000000 3.43719364
5.45000000 3.39793686
5.55000000 3.41693353
5.65000000 3.41543508
5.75000000 3.47074137
5.85000000 3.51271644
5.95000000 3.55957047
6.05000000 3.58021343
6.15000000 3.61267810
6.25000000 3.61556632
6.35000000 3.61415416
6.45000000 3.59652620
6.55000000 3.58438822
6.65000000 3.48174368
6.75000000 3.38470159
6.85000000 3.25616096
6.95000000 3.11521234
7.05000000 2.93231184
7.15000000 2.79963567
7.25000000 2.67245696
7.35000000 2.55254552
7.45000000 2.42576184
7.55000000 2.33161059
7.65000000 2.21293649
7.75000000 2.11873236
7.85000000 2.02957551
7.95000000 1.96236766
8.05000000 1.87703583
8.15000000 1.80373980
8.25000000 1.74656448
8.35000000 1.70375396
8.45000000 1.64868193
8.55000000 1.61582417
8.65000000 1.58395002
8.75000000 1.53356928
8.85000000 1.48341619
8.95000000 1.45356077
9.05000000 1.41875860
9.15000000 1.42683162
9.25000000 1.40667544
9.35000000 1.39945821
9.45000000 1.36681175
9.55000000 1.35583950
9.65000000 1.35711715
9.75000000 1.35383649
9.85000000 1.33688591
9.95000000 1.31542516
10.05000000 1.31658579
10.15000000 1.30051434
10.25000000 1.27011435
10.35000000 1.25350981
10.45000000 1.26758671
10.55000000 1.25351719
10.65000000 1.21699403
10.75000000 1.20803915
10.85000000 1.18562081
10.95000000 1.14661828
11.05000000 1.12091713
11.15000000 1.09690050
11.25000000 1.07337936
11.35000000 1.04845122
11.45000000 1.03148012
11.55000000 1.00498287
11.65000000 0.97956697
11.75000000 0.95957978
11.85000000 0.92453042
11.95000000 0.89532240
12.05000000 0.87089345
12.15000000 0.85711054
12.25000000 0.81191554
12.35000000 0.79357600
12.45000000 0.76068252
12.55000000 0.72629086
12.65000000 0.67608751
12.75000000 0.65640121
12.85000000 0.62883752
12.95000000 0.58306639
13.05000000 0.53917740
13.15000000 0.50687912
13.25000000 0.46900781
13.35000000 0.42274510
13.45000000 0.38976076
13.55000000 0.35775174
13.65000000 0.31286875
13.75000000 0.28111948
13.85000000 0.25198540
13.95000000 0.23547737
14.05000000 0.21733719
14.15000000 0.19805600
14.25000000 0.17173367
14.35000000 0.14180130
14.45000000 0.12875254
14.55000000 0.11555444
14.65000000 0.09621265
14.75000000 0.08394605
14.85000000 0.07823042
14.95000000 0.06180107
110
4.05000000 21.79332829
4.15000000 17.71777192
4.25000000 14.77698874
4.35000000 12.39302877
4.45000000 10.39004122
4.55000000 8.76939174
4.65000000 7.44549054
4.75000000 6.28257187
4.85000000 5.35475804
4.95000000 4.65902357
5.05000000 4.18295052
5.15000000 3.82797203
5.25000000 3.58012530
5.35000000 3.46516428
5.45000000 3.42643666
5.55000000 3.44458976
5.65000000 3.44436980
5.75000000 3.50023604
5.85000000 3.54106073
5.95000000 3.58880008
6.05000000 3.61125715
6.15000000 3.64242447
6.25000000 3.64545371
6.35000000 3.64343052
6.45000000 3.62670900
6.55000000 3.61507707
6.65000000 3.51404939
6.75000000 3.41372392
6.85000000 3.28458575
6.95000000 3.14346658
7.05000000 2.96321094
7.15000000 2.82805085
7.25000000 2.70121519
7.35000000 2.58187026
7.45000000 2.45138225
7.55000000 2.35689032
7.65000000 2.23863945
7.75000000 2.14077283
7.85000000 2.05157643
7.95000000 1.98386548
8.05000000 1.89792620
8.15000000 1.82220656
8.25000000 1.76586675
8.35000000 1.72090611
8.45000000 1.66623112
8.55000000 1.63187622
8.65000000 1.59770922
8.75000000 1.54839977
8.85000000 1.49525284
8.95000000 1.46534306
9.05000000 1.42876076
9.15000000 1.43641450
9.25000000 1.41621260
9.35000000 1.40742543
9.45000000 1.37435897
9.55000000 1.36238871
9.65000000 1.36377362
9.75000000 1.35904953
9.85000000 1.34172226
9.95000000 1.32122797
10.05000000 1.32186626
10.15000000 1.30562624
10.25000000 1.27547455
10.35000000 1.26027985
10.45000000 1.27350074
10.55000000 1.25822271
10.65000000 1.22208695
10.75000000 1.21244960
10.85000000 1.19021001
10.95000000 1.15141859
11.05000000 1.12492794
11.15000000 1.10018873
11.25000000 1.07531599
11.35000000 1.05177859
11.45000000 1.03250128
11.55000000 1.00549487
11.65000000 0.97865855
11.75000000 0.95893868
11.85000000 0.92366252
11.95000000 0.89335321
12.05000000 0.86828109
12.15000000 0.85404010
12.25000000 0.80911099
12.35000000 0.79000665
12.45000000 0.75675294
12.55000000 0.72233014
12.65000000 0.67166475
12.75000000 0.65212075
12.85000000 0.62323882
12.95000000 0.57782639
13.05000000 0.53416373
13.15000000 0.50233259
13.25000000 0.46465923
13.35000000 0.41817489
13.45000000 0.38569413
13.55000000 0.35303480
13.65000000 0.30883761
13.75000000 0.27660193
13.85000000 0.24799974
13.95000000 0.23105857
14.05000000 0.21356352
14.15000000 0.19435319
14.25000000 0.16736621
14.35000000 0.13801399
14.45000000 0.12442707
14.55000000 0.11121466
14.65000000 0.09324124
14.75000000 0.08085478
14.85000000 0.07518275
14.95000000 0.05976103
110
4.05000000 21.76957473
4.15000000 17.68899188
4.25000000 14.76567776
4.35000000 12.37439954
4.45000000 10.37813423
4.55000000 8.75432800
4.65000000 7.43113976
4.75000000 6.26591360
4.85000000 5.34106900
4.95000000 4.64425800
5.05000000 4.16891904
5.15000000 3.81374247
5.25000000 3.56710135
5.35000000 3.45142244
5.45000000 3.41348088
5.55000000 3.43298332
5.65000000 3.43292612
5.75000000 3.49064213
5.85000000 3.53050941
5.95000000 3.57833039
6.05000000 3.60140424
6.15000000 3.63128260
6.25000000 3.63345973
6.35000000 3.63159472
6.45000000 3.61602342
6.55000000 3.60590316
6.65000000 3.50628482
6.75000000 3.40432895
6.85000000 3.27823209
6.95000000 3.13572419
7.05000000 2.95556313
7.15000000 2.82063531
7.25000000 2.69486722
7.35000000 2.57573109
7.45000000 2.44438644
7.55000000 2.34988766
7.65000000 2.23374193
7.75000000 2.13413608
7.85000000 2.04392515
7.95000000 1.97986991
8.05000000 1.89214833
8.15000000 1.81577382
8.25000000 1.76148226
8.35000000 1.71596482
8.45000000 1.66116132
8.55000000 1.62778043
8.65000000 1.59222081
8.75000000 1.54560117
8.85000000 1.49166305
8.95000000 1.46176751
9.05000000 1.42735390
9.15000000 1.43418029
9.25000000 1.41442216
9.35000000 1.40470506
9.45000000 1.37230892
9.55000000 1.36178447
9.65000000 1.36320042
9.75000000 1.35733900
9.85000000 1.33963128
9.95000000 1.31974560
10.05000000 1.31988849
10.15000000 1.30332294
10.25000000 1.27296555
10.35000000 1.25811462
10.45000000 1.27058411
10.55000000 1.25377180
10.65000000 1.21936654
10.75000000 1.20906700
10.85000000 1.18716508
10.95000000 1.14902372
11.05000000 1.12144079
11.15000000 1.09723944
11.25000000 1.07192389
11.35000000 1.04834193
11.45000000 1.02821179
11.55000000 1.00119350
11.65000000 0.97445978
11.75000000 0.95517475
11.85000000 0.91963541
11.95000000 0.88935967
12.05000000 0.86403934
12.15000000 0.85013270
12.25000000 0.80556291
12.35000000 0.78600986
12.45000000 0.75383291
12.55000000 0.72016279
12.65000000 0.67033074
12.75000000 0.65069469
12.85000000 0.62260426
12.95000000 0.57716408
13.05000000 0.53387404
13.15000000 0.50175302
13.25000000 0.46478957
13.35000000 0.41759994
13.45000000 0.38554849
13.55000000 0.35225004
13.65000000 0.30870380
13.75000000 0.27622727
13.85000000 0.24765825
13.95000000 0.22986190
14.05000000 0.21088764
14.15000000 0.19306264
14.25000000 0.16578811
14.35000000 0.13632797
14.45000000 0.12189660
14.55000000 0.10908627
14.65000000 0.09119178
14.75000000 0.07817874
14.85000000 0.07267935
14.95000000 0.05795382
110
4.05000000 21.72213005
4.15000000 17.66178941
4.25000000 14.72350048
4.35000000 12.33323859
4.45000000 10.34082285
4.55000000 8.71762960
4.65000000 7.39658473
4.75000000 6.23108005
4.85000000 5.30681029
4.95000000 4.60858722
5.05000000 4.13484872
5.15000000 3.77851427
5.25000000 3.53134362
5.35000000 3.41657371
5.45000000 3.37853724
5.55000000 3.39827010
5.65000000 3.39670486
5.75000000 3.45470623
5.85000000 3.49436982
5.95000000 3.54273511
6.05000000 3.56689636
6.15000000 3.59501415
6.25000000 3.59930220
6.35000000 3.59888951
6.45000000 3.58232079
6.55000000 3.57323426
6.65000000 3.47533430
6.75000000 3.37279435
6.85000000 3.24650413
6.95000000 3.10454871
7.05000000 2.92604478
7.15000000 2.79112981
7.25000000 2.66781894
7.35000000 2.54689111
7.45000000 2.41648856
7.55000000 2.32283060
7.65000000 2.20776814
7.75000000 2.10830211
7.85000000 2.01830869
7.95000000 1.95395024
8.05000000 1.86733664
8.15000000 1.79055668
8.25000000 1.73777600
8.35000000 1.69060222
8.45000000 1.63710158
8.55000000 1.60469143
8.65000000 1.56866891
8.75000000 1.52364986
8.85000000 1.46965821
8.95000000 1.43958835
9.05000000 1.40708208
9.15000000 1.41367031
9.25000000 1.39303438
9.35000000 1.38344394
9.45000000 1.35161113
9.55000000 1.34181166
9.65000000 1.34423719
9.75000000 1.33774952
9.85000000 1.32081976
9.95000000 1.30153106
10.05000000 1.30293089
10.15000000 1.28655883
10.25000000 1.25719501
10.35000000 1.24324910
10.45000000 1.25499175
10.55000000 1.23849630
10.65000000 1.20613426
10.75000000 1.19578468
10.85000000 1.17436877
10.95000000 1.13716306
11.05000000 1.10913554
11.15000000 1.08663545
11.25000000 1.06098603
11.35000000 1.03975537
11.45000000 1.01836090
11.55000000 0.99352908
11.65000000 0.96566586
11.75000000 0.94754818
11.85000000 0.91251893
11.95000000 0.88365838
12.05000000 0.85732129
12.15000000 0.84412735
12.25000000 0.80036059
12.35000000 0.78073617
12.45000000 0.74760450
12.55000000 0.71424333
12.65000000 0.66446487
12.75000000 0.64609931
12.85000000 0.61827358
12.95000000 0.57343825
13.05000000 0.53102363
13.15000000 0.49736762
13.25000000 0.46150793
13.35000000 0.41438435
13.45000000 0.38174068
13.55000000 0.34985898
13.65000000 0.30625947
13.75000000 0.27397330
13.85000000 0.24491974
13.95000000 0.22762042
14.05000000 0.20919641
14.15000000 0.19213493
14.25000000 0.16426486
14.35000000 0.13545548
14.45000000 0.12100310
14.55000000 0.10916095
14.65000000 0.09208705
14.75000000 0.07898311
14.85000000 0.07319561
14.95000000 0.05918321
110
4.05000000 21.70565478
4.15000000 17.62556750
4.25000000 14.69820908
4.35000000 12.29992416
4.45000000 10.30524333
4.55000000 8.68560235
4.65000000 7.36267812
4.75000000 6.19745757
4.85000000 5.27443284
4.95000000 4.57594924
5.05000000 4.10292821
5.15000000 3.74731404
5.25000000 3.50097558
5.35000000 3.38649909
5.45000000 3.34881438
5.55000000 3.36894014
5.65000000 3.36751303
5.75000000 3.42664000
5.85000000 3.46616372
5.95000000 3.51668478
6.05000000 3.54157543
6.15000000 3.56777243
6.25000000 3.57247498
6.35000000 3.57389452
6.45000000 3.55838454
6.55000000 3.54907721
6.65000000 3.45380841
6.75000000 3.34703059
6.85000000 3.22395858
6.95000000 3.08132771
7.05000000 2.90409513
7.15000000 2.76973133
7.25000000 2.64529072
7.35000000 2.52465186
7.45000000 2.39235183
7.55000000 2.29907702
7.65000000 2.18425276
7.75000000 2.08393047
7.85000000 1.99284822
7.95000000 1.92859967
8.05000000 1.84383701
8.15000000 1.76468795
8.25000000 1.71232641
8.35000000 1.66398286
8.45000000 1.61047014
8.55000000 1.57996322
8.65000000 1.54201028
8.75000000 1.49710627
8.85000000 1.44123357
8.95000000 1.41146497
9.05000000 1.37983905
9.15000000 1.38612518
9.25000000 1.36631100
9.35000000 1.35548028
9.45000000 1.32463241
9.55000000 1.31525451
9.65000000 1.31881168
9.75000000 1.31271648
9.85000000 1.29513930
9.95000000 1.27683237
10.05000000 1.27934117
10.15000000 1.26317022
10.25000000 1.23487158
10.35000000 1.22170393
10.45000000 1.23321357
10.55000000 1.21749289
10.65000000 1.18660852
10.75000000 1.17620478
10.85000000 1.15528038
10.95000000 1.11935508
11.05000000 1.09119943
11.15000000 1.07115734
11.25000000 1.04536962
11.35000000 1.02565701
11.45000000 1.00481729
11.55000000 0.98149312
11.65000000 0.95401361
11.75000000 0.93624176
11.85000000 0.90196960
11.95000000 0.87325478
12.05000000 0.84842957
12.15000000 0.83598885
12.25000000 0.79338543
12.35000000 0.77401537
12.45000000 0.74177986
12.55000000 0.70958553
12.65000000 0.66014988
12.75000000 0.64197108
12.85000000 0.61386803
12.95000000 0.56935373
13.05000000 0.52803785
13.15000000 0.49286229
13.25000000 0.45907580
13.35000000 0.41179230
13.45000000 0.37843921
13.55000000 0.34722940
13.65000000 0.30419071
13.75000000 0.27142234
13.85000000 0.24256826
13.95000000 0.22574153
14.05000000 0.20702038
14.15000000 0.19035073
14.25000000 0.16282765
14.35000000 0.13472518
14.45000000 0.11980257
14.55000000 0.10800661
14.65000000 0.09104159
14.75000000 0.07758894
14.85000000 0.07193737
14.95000000 0.05822624
110
4.05000000 21.77133461
4.15000000 17.64826402
4.25000000 14.73543901
4.35000000 12.32387587
4.45000000 10.33530728
4.55000000 8.71318206
4.65000000 7.39068929
4.75000000 6.22291076
4.85000000 5.30210033
4.95000000 4.60285167
5.05000000 4.12801447
5.15000000 3.77112237
5.25000000 3.52418623
5.35000000 3.40759043
5.45000000 3.36923152
5.55000000 3.38902034
5.65000000 3.38573305
5.75000000 3.44376199
5.85000000 3.48352783
5.95000000 3.53239758
6.05000000 3.55720829
6.15000000 3.58232004
6.25000000 3.58704069
6.35000000 3.58617981
6.45000000 3.56993063
6.55000000 3.55909049
6.65000000 3.46394162
6.75000000 3.35707350
6.85000000 3.23362471
6.95000000 3.08931904
7.05000000 2.91295633
7.15000000 2.77694579
7.25000000 2.65239088
7.35000000 2.53234966
7.45000000 2.39902175
7.55000000 2.30568354
7.65000000 2.19142824
7.75000000 2.08954386
7.85000000 1.99828737
7.95000000 1.93374739
8.05000000 1.84935187
8.15000000 1.77059323
8.25000000 1.71706866
8.35000000 1.66756716
8.45000000 1.61457345
8.55000000 1.58339334
8.65000000 1.54368941
8.75000000 1.49896731
8.85000000 1.44181548
8.95000000 1.41292116
9.05000000 1.38201357
9.15000000 1.38619408
9.25000000 1.36564132
9.35000000 1.35445216
9.45000000 1.32464000
9.55000000 1.31369842
9.65000000 1.31705182
9.75000000 1.31199191
9.85000000 1.29286973
9.95000000 1.27444864
10.05000000 1.27776389
10.15000000 1.26149963
10.25000000 1.23292216
10.35000000 1.21965809
10.45000000 1.23057911
10.55000000 1.21414817
10.65000000 1.18496425
10.75000000 1.17309270
10.85000000 1.15260888
10.95000000 1.11632363
11.05000000 1.08711935
11.15000000 1.06657114
11.25000000 1.04241826
11.35000000 1.02250916
11.45000000 1.00090979
11.55000000 0.97706876
11.65000000 0.94946107
11.75000000 0.93240503
11.85000000 0.89776535
11.95000000 0.87020455
12.05000000 0.84546923
12.15000000 0.83216216
12.25000000 0.78905579
12.35000000 0.76983980
12.45000000 0.73775870
12.55000000 0.70555046
12.65000000 0.65576345
12.75000000 0.63795177
12.85000000 0.61079492
12.95000000 0.56620145
13.05000000 0.52646141
13.15000000 0.49115904
13.25000000 0.45701679
13.35000000 0.40969911
13.45000000 0.37736626
13.55000000 0.34555744
13.65000000 0.30228351
13.75000000 0.26927601
13.85000000 0.24094552
13.95000000 0.22423346
14.05000000 0.20516876
14.15000000 0.18872542
14.25000000 0.16188875
14.35000000 0.13335793
14.45000000 0.11908924
14.55000000 0.10664748
14.65000000 0.08979914
14.75000000 0.07685127
14.85000000 0.07134929
14.95000000 0.05830171
