 40
110
4.05000000 15.13705459
4.15000000 10.65468566
4.25000000 7.86065913
4.35000000 5.64066883
4.45000000 3.81862174
4.55000000 2.37318887
4.65000000 1.19798998
4.75000000 0.20762089
4.85000000 -0.54869973
4.95000000 -1.06397359
5.05000000 -1.36566003
5.15000000 -1.54267111
5.25000000 -1.60860993
5.35000000 -1.54726855
5.45000000 -1.40997543
5.55000000 -1.22122059
5.65000000 -1.04054981
5.75000000 -0.82086745
5.85000000 -0.60629568
5.95000000 -0.40187182
6.05000000 -0.21832884
6.15000000 -0.03720101
6.25000000 0.12157968
6.35000000 0.26052623
6.45000000 0.37778270
6.55000000 0.47572065
6.65000000 0.52614358
6.75000000 0.52515610
6.85000000 0.51160439
6.95000000 0.45945103
7.05000000 0.39193231
7.15000000 0.32469444
7.25000000 0.27331791
7.35000000 0.21915082
7.45000000 0.14616101
7.55000000 0.10386671
7.65000000 0.05203173
7.75000000 -0.00326523
7.85000000 -0.04548984
7.95000000 -0.05891381
8.05000000 -0.09491863
8.15000000 -0.13118774
8.25000000 -0.14848441
8.35000000 -0.15170732
8.45000000 -0.16349104
8.55000000 -0.16381774
8.65000000 -0.16693396
8.75000000 -0.17223531
8.85000000 -0.20524545
8.95000000 -0.20340614
9.05000000 -0.21470154
9.15000000 -0.19248264
9.25000000 -0.19088074
9.35000000 -0.18640040
9.45000000 -0.19225283
9.55000000 -0.18630676
9.65000000 -0.16261542
9.75000000 -0.14220360
9.85000000 -0.13175713
9.95000000 -0.12268492
10.05000000 -0.09935292
10.15000000 -0.07653287
10.25000000 -0.07140413
10.35000000 -0.04483612
10.45000000 -0.00192880
10.55000000 0.02367974
10.65000000 0.04592993
10.75000000 0.07019165
10.85000000 0.09412016
10.95000000 0.11009048
11.05000000 0.12046113
11.15000000 0.14377804
11.25000000 0.16095752
11.35000000 0.18465775
11.45000000 0.19601155
11.55000000 0.21598129
11.65000000 0.22562207
11.75000000 0.23710577
11.85000000 0.24168656
11.95000000 0.24461555
12.05000000 0.24924913
12.15000000 0.26072399
12.25000000 0.24935695
12.35000000 0.25648519
12.45000000 0.24791506
12.55000000 0.23748881
12.65000000 0.20988549
12.75000000 0.21486056
12.85000000 0.20603540
12.95000000 0.17829656
13.05000000 0.16017645
13.15000000 0.14057124
13.25000000 0.12084728
13.35000000 0.08748693
13.45000000 0.07301652
13.55000000 0.05172248
13.65000000 0.02321091
13.75000000 0.00784530
13.85000000 -0.00670150
13.95000000 -0.01247157
14.05000000 -0.01957871
14.15000000 -0.02590483
14.25000000 -0.04173632
14.35000000 -0.05726970
14.45000000 -0.06826429
14.55000000 -0.07496397
14.65000000 -0.08228574
14.75000000 -0.08907856
14.85000000 -0.09147024
14.95000000 -0.10214818
110
4.05000000 15.92060133
4.15000000 11.40065972
4.25000000 8.60556988
4.35000000 6.31730210
4.45000000 4.45530037
4.55000000 2.94736406
4.65000000 1.73181383
4.75000000 0.70580339
4.85000000 -0.09533821
4.95000000 -0.64537443
5.05000000 -0.97367115
5.15000000 -1.17967830
5.25000000 -1.27242130
5.35000000 -1.23437699
5.45000000 -1.12476246
5.55000000 -0.96208055
5.65000000 -0.79704460
5.75000000 -0.60244988
5.85000000 -0.40341628
5.95000000 -0.21868384
6.05000000 -0.04983302
6.15000000 0.11908961
6.25000000 0.25861718
6.35000000 0.39818830
6.45000000 0.50459815
6.55000000 0.60062250
6.65000000 0.63475496
6.75000000 0.62471842
6.85000000 0.60805922
6.95000000 0.54124217
7.05000000 0.46598297
7.15000000 0.40534133
7.25000000 0.34820302
7.35000000 0.28145587
7.45000000 0.21219604
7.55000000 0.17245312
7.65000000 0.10348581
7.75000000 0.04745575
7.85000000 0.00230407
7.95000000 -0.02760489
8.05000000 -0.07773724
8.15000000 -0.12290059
8.25000000 -0.14865114
8.35000000 -0.15728621
8.45000000 -0.17775992
8.55000000 -0.19176661
8.65000000 -0.19614804
8.75000000 -0.20894095
8.85000000 -0.24525745
8.95000000 -0.24200094
9.05000000 -0.24924556
9.15000000 -0.22352039
9.25000000 -0.21890350
9.35000000 -0.20988538
9.45000000 -0.20730002
9.55000000 -0.20126555
9.65000000 -0.17419819
9.75000000 -0.15117295
9.85000000 -0.14105897
9.95000000 -0.12858343
10.05000000 -0.10675655
10.15000000 -0.09210521
10.25000000 -0.08758934
10.35000000 -0.06595270
10.45000000 -0.03256445
10.55000000 -0.00973898
10.65000000 0.00399991
10.75000000 0.02235937
10.85000000 0.04043140
10.95000000 0.05583133
11.05000000 0.05997959
11.15000000 0.08122309
11.25000000 0.09716211
11.35000000 0.12076638
11.45000000 0.12946087
11.55000000 0.14310806
11.65000000 0.15534848
11.75000000 0.17129223
11.85000000 0.16997015
11.95000000 0.17602035
12.05000000 0.17753822
12.15000000 0.19323326
12.25000000 0.17896919
12.35000000 0.18499353
12.45000000 0.17870447
12.55000000 0.16988800
12.65000000 0.14495822
12.75000000 0.15055948
12.85000000 0.13976202
12.95000000 0.11203161
13.05000000 0.10041387
13.15000000 0.08628453
13.25000000 0.06901675
13.35000000 0.03423395
13.45000000 0.02290799
13.55000000 0.00798244
13.65000000 -0.02158238
13.75000000 -0.03355645
13.85000000 -0.04306299
13.95000000 -0.04321023
14.05000000 -0.04194384
14.15000000 -0.04586926
14.25000000 -0.05481305
14.35000000 -0.06648238
14.45000000 -0.06958971
14.55000000 -0.07269471
14.65000000 -0.07500445
14.75000000 -0.07688707
14.85000000 -0.07331620
14.95000000 -0.07584148
110
4.05000000 16.31528893
4.15000000 12.05774649
4.25000000 9.19004137
4.35000000 6.84964191
4.45000000 4.93215415
4.55000000 3.39384355
4.65000000 2.13231638
4.75000000 1.08634369
4.85000000 0.25843250
4.95000000 -0.31976841
5.05000000 -0.67308746
5.15000000 -0.90652788
5.25000000 -1.01977357
5.35000000 -1.00218818
5.45000000 -0.90558975
5.55000000 -0.75292137
5.65000000 -0.61143642
5.75000000 -0.42497235
5.85000000 -0.23983028
5.95000000 -0.05658918
6.05000000 0.09929258
6.15000000 0.24388682
6.25000000 0.39134341
6.35000000 0.51028573
6.45000000 0.61913270
6.55000000 0.70812056
6.65000000 0.74323836
6.75000000 0.72940583
6.85000000 0.70609973
6.95000000 0.64845167
7.05000000 0.56024310
7.15000000 0.50397333
7.25000000 0.44378596
7.35000000 0.37630320
7.45000000 0.30305043
7.55000000 0.25211046
7.65000000 0.18205447
7.75000000 0.12103690
7.85000000 0.06646409
7.95000000 0.03458945
8.05000000 -0.02624608
8.15000000 -0.07726770
8.25000000 -0.11186761
8.35000000 -0.12987318
8.45000000 -0.15700353
8.55000000 -0.18039390
8.65000000 -0.18588966
8.75000000 -0.20649195
8.85000000 -0.24129625
8.95000000 -0.24039163
9.05000000 -0.24554963
9.15000000 -0.22182481
9.25000000 -0.21326791
9.35000000 -0.20768067
9.45000000 -0.20656797
9.55000000 -0.19963715
9.65000000 -0.17338597
9.75000000 -0.15318623
9.85000000 -0.14831101
9.95000000 -0.13412683
10.05000000 -0.11510479
10.15000000 -0.10625872
10.25000000 -0.10838677
10.35000000 -0.08778916
10.45000000 -0.06040755
10.55000000 -0.05100523
10.65000000 -0.05080519
10.75000000 -0.03800448
10.85000000 -0.02122773
10.95000000 -0.01122460
11.05000000 -0.01063055
11.15000000 0.00822778
11.25000000 0.01925999
11.35000000 0.04238548
11.45000000 0.05362969
11.55000000 0.06928300
11.65000000 0.08050092
11.75000000 0.09044594
11.85000000 0.09614444
11.95000000 0.10040041
12.05000000 0.10541394
12.15000000 0.12551872
12.25000000 0.11094870
12.35000000 0.12159477
12.45000000 0.11285371
12.55000000 0.10055579
12.65000000 0.08395850
12.75000000 0.08471063
12.85000000 0.07831166
12.95000000 0.06080248
13.05000000 0.04941487
13.15000000 0.03416105
13.25000000 0.02516847
13.35000000 -0.00502675
13.45000000 -0.00885439
13.55000000 -0.02193076
13.65000000 -0.04970800
13.75000000 -0.05573414
13.85000000 -0.06474444
13.95000000 -0.06311463
14.05000000 -0.06121848
14.15000000 -0.05904969
14.25000000 -0.06870005
14.35000000 -0.07663282
14.45000000 -0.07902356
14.55000000 -0.07373113
14.65000000 -0.07310921
14.75000000 -0.07005892
14.85000000 -0.06359966
14.95000000 -0.06227524
110
4.05000000 16.72120472
4.15000000 12.43418437
4.25000000 9.62128524
4.35000000 7.23015293
4.45000000 5.31208084
4.55000000 3.75630889
4.65000000 2.46084781
4.75000000 1.38975122
4.85000000 0.54899781
4.95000000 -0.04614128
5.05000000 -0.43346286
5.15000000 -0.67680916
5.25000000 -0.81957513
5.35000000 -0.81535792
5.45000000 -0.74092496
5.55000000 -0.59681282
5.65000000 -0.47899280
5.75000000 -0.30239083
5.85000000 -0.12938376
5.95000000 0.03255924
6.05000000 0.17785573
6.15000000 0.31850317
6.25000000 0.45541455
6.35000000 0.55982102
6.45000000 0.67499788
6.55000000 0.76599528
6.65000000 0.78247083
6.75000000 0.76580878
6.85000000 0.73542288
6.95000000 0.67840637
7.05000000 0.59912409
7.15000000 0.53577399
7.25000000 0.48293529
7.35000000 0.41409118
7.45000000 0.34203454
7.55000000 0.29839999
7.65000000 0.23536698
7.75000000 0.17124874
7.85000000 0.12202476
7.95000000 0.09773584
8.05000000 0.03386183
8.15000000 -0.01135509
8.25000000 -0.04320538
8.35000000 -0.05665888
8.45000000 -0.08406814
8.55000000 -0.09658163
8.65000000 -0.10880106
8.75000000 -0.12449639
8.85000000 -0.16386240
8.95000000 -0.16123636
9.05000000 -0.16891606
9.15000000 -0.14944480
9.25000000 -0.14520705
9.35000000 -0.14075683
9.45000000 -0.14541480
9.55000000 -0.13445620
9.65000000 -0.11625935
9.75000000 -0.10275110
9.85000000 -0.10299623
9.95000000 -0.10193322
10.05000000 -0.08553604
10.15000000 -0.07797199
10.25000000 -0.08584367
10.35000000 -0.07321223
10.45000000 -0.04898289
10.55000000 -0.04272170
10.65000000 -0.04831944
10.75000000 -0.03997667
10.85000000 -0.03131342
10.95000000 -0.02604341
11.05000000 -0.03211069
11.15000000 -0.02217549
11.25000000 -0.02357222
11.35000000 -0.00328872
11.45000000 0.00585622
11.55000000 0.01775026
11.65000000 0.02012076
11.75000000 0.03188322
11.85000000 0.02695756
11.95000000 0.03219908
12.05000000 0.03812915
12.15000000 0.05451608
12.25000000 0.04291803
12.35000000 0.05905462
12.45000000 0.04479756
12.55000000 0.03580584
12.65000000 0.02019779
12.75000000 0.02921213
12.85000000 0.02296569
12.95000000 0.00479684
13.05000000 -0.01076001
13.15000000 -0.01513402
13.25000000 -0.02441448
13.35000000 -0.04735976
13.45000000 -0.05624637
13.55000000 -0.06446502
13.65000000 -0.07928585
13.75000000 -0.08680325
13.85000000 -0.09007587
13.95000000 -0.08434017
14.05000000 -0.08621552
14.15000000 -0.08117175
14.25000000 -0.08804637
14.35000000 -0.09468308
14.45000000 -0.08849429
14.55000000 -0.08029765
14.65000000 -0.07917445
14.75000000 -0.07099449
14.85000000 -0.06100702
14.95000000 -0.05463294
110
4.05000000 16.83191184
4.15000000 12.63210019
4.25000000 9.86308950
4.35000000 7.44792512
4.45000000 5.53495342
4.55000000 3.98579322
4.65000000 2.68783741
4.75000000 1.60751201
4.85000000 0.76604906
4.95000000 0.14612212
5.05000000 -0.24050754
5.15000000 -0.49891364
5.25000000 -0.64554579
5.35000000 -0.65676960
5.45000000 -0.59263528
5.55000000 -0.45565710
5.65000000 -0.34749764
5.75000000 -0.18397092
5.85000000 -0.01237603
5.95000000 0.14272892
6.05000000 0.27433306
6.15000000 0.41215497
6.25000000 0.53712784
6.35000000 0.63946400
6.45000000 0.75506982
6.55000000 0.83916518
6.65000000 0.84111875
6.75000000 0.82371340
6.85000000 0.79499419
6.95000000 0.73200906
7.05000000 0.65179262
7.15000000 0.57950721
7.25000000 0.53564925
7.35000000 0.47180591
7.45000000 0.39729768
7.55000000 0.36297875
7.65000000 0.29652350
7.75000000 0.23908435
7.85000000 0.18759442
7.95000000 0.16189654
8.05000000 0.10844440
8.15000000 0.06402875
8.25000000 0.03827168
8.35000000 0.02429658
8.45000000 -0.00104437
8.55000000 -0.01164773
8.65000000 -0.01838836
8.75000000 -0.03905580
8.85000000 -0.07677763
8.95000000 -0.07485648
9.05000000 -0.08565356
9.15000000 -0.06435207
9.25000000 -0.06189838
9.35000000 -0.06596789
9.45000000 -0.07241270
9.55000000 -0.06354547
9.65000000 -0.04863947
9.75000000 -0.04017735
9.85000000 -0.05047033
9.95000000 -0.05183773
10.05000000 -0.04020214
10.15000000 -0.03883976
10.25000000 -0.05891285
10.35000000 -0.05320290
10.45000000 -0.03404306
10.55000000 -0.03015906
10.65000000 -0.03586411
10.75000000 -0.03629498
10.85000000 -0.02841580
10.95000000 -0.03238245
11.05000000 -0.04032180
11.15000000 -0.03153308
11.25000000 -0.04015950
11.35000000 -0.02579334
11.45000000 -0.02342787
11.55000000 -0.01201706
11.65000000 -0.01332310
11.75000000 -0.00425765
11.85000000 -0.00936773
11.95000000 -0.01142690
12.05000000 -0.00090045
12.15000000 0.01233037
12.25000000 -0.00324838
12.35000000 0.01665532
12.45000000 -0.00217800
12.55000000 -0.00483574
12.65000000 -0.02005361
12.75000000 -0.01055934
12.85000000 -0.01556385
12.95000000 -0.02825034
13.05000000 -0.04469557
13.15000000 -0.05009911
13.25000000 -0.05741924
13.35000000 -0.07684435
13.45000000 -0.08815962
13.55000000 -0.09368441
13.65000000 -0.11157383
13.75000000 -0.11513368
13.85000000 -0.12040980
13.95000000 -0.11281158
14.05000000 -0.11448353
14.15000000 -0.10427584
14.25000000 -0.11275271
14.35000000 -0.11511309
14.45000000 -0.10536625
14.55000000 -0.09361412
14.65000000 -0.09136540
14.75000000 -0.08010085
14.85000000 -0.06956557
14.95000000 -0.06082139
110
4.05000000 17.06198145
4.15000000 12.79080705
4.25000000 10.02998239
4.35000000 7.60125256
4.45000000 5.66940924
4.55000000 4.10619029
4.65000000 2.82817272
4.75000000 1.72955601
4.85000000 0.88566901
4.95000000 0.26730064
5.05000000 -0.12822760
5.15000000 -0.39284453
5.25000000 -0.55446185
5.35000000 -0.57033939
5.45000000 -0.51040395
5.55000000 -0.38987973
5.65000000 -0.28137612
5.75000000 -0.12348915
5.85000000 0.03076436
5.95000000 0.19268010
6.05000000 0.31699953
6.15000000 0.44536581
6.25000000 0.56277803
6.35000000 0.65944128
6.45000000 0.75858190
6.55000000 0.84698412
6.65000000 0.83465256
6.75000000 0.82413791
6.85000000 0.78977113
6.95000000 0.73539953
7.05000000 0.64121769
7.15000000 0.57544920
7.25000000 0.52696119
7.35000000 0.47621498
7.45000000 0.40335447
7.55000000 0.36473981
7.65000000 0.29995165
7.75000000 0.24370458
7.85000000 0.20032166
7.95000000 0.17929456
8.05000000 0.12964813
8.15000000 0.08870761
8.25000000 0.06230298
8.35000000 0.04684629
8.45000000 0.02352361
8.55000000 0.02275692
8.65000000 0.01493920
8.75000000 -0.00330152
8.85000000 -0.04244648
8.95000000 -0.03896691
9.05000000 -0.04528779
9.15000000 -0.03229488
9.25000000 -0.02647912
9.35000000 -0.02953248
9.45000000 -0.03932340
9.55000000 -0.03166853
9.65000000 -0.02031705
9.75000000 -0.00995386
9.85000000 -0.01744479
9.95000000 -0.02345233
10.05000000 -0.01470836
10.15000000 -0.01035591
10.25000000 -0.03054433
10.35000000 -0.03025202
10.45000000 -0.01361487
10.55000000 -0.00947981
10.65000000 -0.01103157
10.75000000 -0.01499627
10.85000000 -0.01252366
10.95000000 -0.01699868
11.05000000 -0.03229385
11.15000000 -0.01923221
11.25000000 -0.03044911
11.35000000 -0.01614350
11.45000000 -0.01475554
11.55000000 -0.00448206
11.65000000 -0.00821607
11.75000000 -0.00349505
11.85000000 -0.00843221
11.95000000 -0.01040606
12.05000000 -0.00606597
12.15000000 0.00423396
12.25000000 -0.01237210
12.35000000 0.00782554
12.45000000 -0.00785647
12.55000000 -0.00810944
12.65000000 -0.02772843
12.75000000 -0.01292579
12.85000000 -0.01434261
12.95000000 -0.03072960
13.05000000 -0.04251652
13.15000000 -0.04929717
13.25000000 -0.05390897
13.35000000 -0.08300428
13.45000000 -0.08802988
13.55000000 -0.08597180
13.65000000 -0.10570263
13.75000000 -0.11191163
13.85000000 -0.11351376
13.95000000 -0.11073302
14.05000000 -0.10905134
14.15000000 -0.09777731
14.25000000 -0.10677040
14.35000000 -0.11190669
14.45000000 -0.10268681
14.55000000 -0.09150773
14.65000000 -0.08651164
14.75000000 -0.07517945
14.85000000 -0.06466612
14.95000000 -0.06180156
110
4.05000000 17.42236065
4.15000000 12.97632329
4.25000000 10.23266331
4.35000000 7.81168688
4.45000000 5.87223344
4.55000000 4.29845330
4.65000000 3.00876433
4.75000000 1.90645993
4.85000000 1.05398216
4.95000000 0.41822074
5.05000000 0.01427743
5.15000000 -0.26099079
5.25000000 -0.43017388
5.35000000 -0.46028814
5.45000000 -0.40448891
5.55000000 -0.29800859
5.65000000 -0.20304144
5.75000000 -0.05231435
5.85000000 0.09465877
5.95000000 0.24027470
6.05000000 0.36647448
6.15000000 0.48906438
6.25000000 0.59305901
6.35000000 0.68970990
6.45000000 0.78851186
6.55000000 0.86496947
6.65000000 0.86367931
6.75000000 0.84238249
6.85000000 0.81072447
6.95000000 0.75480058
7.05000000 0.66518666
7.15000000 0.59264828
7.25000000 0.55451507
7.35000000 0.50282290
7.45000000 0.42638385
7.55000000 0.39481161
7.65000000 0.33333005
7.75000000 0.28424887
7.85000000 0.23928036
7.95000000 0.21922242
8.05000000 0.17069578
8.15000000 0.12932421
8.25000000 0.10373361
8.35000000 0.08429307
8.45000000 0.06323283
8.55000000 0.06560107
8.65000000 0.05721109
8.75000000 0.03778842
8.85000000 0.00012496
8.95000000 0.00237618
9.05000000 -0.00279037
9.15000000 0.01059996
9.25000000 0.01980615
9.35000000 0.01761568
9.45000000 0.00599966
9.55000000 0.00947796
9.65000000 0.02838528
9.75000000 0.03999561
9.85000000 0.03138634
9.95000000 0.03231075
10.05000000 0.04087027
10.15000000 0.03670249
10.25000000 0.01889526
10.35000000 0.02354202
10.45000000 0.04133227
10.55000000 0.04245704
10.65000000 0.03542017
10.75000000 0.03382489
10.85000000 0.03326692
10.95000000 0.02181361
11.05000000 0.00668270
11.15000000 0.01733964
11.25000000 0.00981653
11.35000000 0.02129962
11.45000000 0.02641927
11.55000000 0.03464287
11.65000000 0.02901818
11.75000000 0.03193113
11.85000000 0.02149709
11.95000000 0.01957865
12.05000000 0.01788715
12.15000000 0.03110523
12.25000000 0.01150365
12.35000000 0.02838108
12.45000000 0.01567881
12.55000000 0.01008404
12.65000000 -0.00783369
12.75000000 -0.00189834
12.85000000 -0.00062337
12.95000000 -0.01928536
13.05000000 -0.03669339
13.15000000 -0.04586370
13.25000000 -0.04915204
13.35000000 -0.07697394
13.45000000 -0.08524333
13.55000000 -0.08952995
13.65000000 -0.10840232
13.75000000 -0.11566087
13.85000000 -0.12214306
13.95000000 -0.11432381
14.05000000 -0.11273538
14.15000000 -0.10108717
14.25000000 -0.11215156
14.35000000 -0.11804683
14.45000000 -0.11021782
14.55000000 -0.09946433
14.65000000 -0.09613156
14.75000000 -0.08931488
14.85000000 -0.07499612
14.95000000 -0.07263686
110
4.05000000 17.63295472
4.15000000 13.19587733
4.25000000 10.42826887
4.35000000 7.98215531
4.45000000 6.07150575
4.55000000 4.47097922
4.65000000 3.17557064
4.75000000 2.06381666
4.85000000 1.19885051
4.95000000 0.55098313
5.05000000 0.15044409
5.15000000 -0.13451064
5.25000000 -0.30483639
5.35000000 -0.33605977
5.45000000 -0.29551430
5.55000000 -0.19082549
5.65000000 -0.10848751
5.75000000 0.03490120
5.85000000 0.17195790
5.95000000 0.31659973
6.05000000 0.43468171
6.15000000 0.56248284
6.25000000 0.66532831
6.35000000 0.74879656
6.45000000 0.84193301
6.55000000 0.92990372
6.65000000 0.92514846
6.75000000 0.89419599
6.85000000 0.86756653
6.95000000 0.81620675
7.05000000 0.71942751
7.15000000 0.64734254
7.25000000 0.61566715
7.35000000 0.56358766
7.45000000 0.48883864
7.55000000 0.45133983
7.65000000 0.39444625
7.75000000 0.34330481
7.85000000 0.30176980
7.95000000 0.27721020
8.05000000 0.23047105
8.15000000 0.19067104
8.25000000 0.15167500
8.35000000 0.14218572
8.45000000 0.12165718
8.55000000 0.11595555
8.65000000 0.10463649
8.75000000 0.08974838
8.85000000 0.05256671
8.95000000 0.05135293
9.05000000 0.04569262
9.15000000 0.06042839
9.25000000 0.06698401
9.35000000 0.06348523
9.45000000 0.04735335
9.55000000 0.05641429
9.65000000 0.07209533
9.75000000 0.07516205
9.85000000 0.07085082
9.95000000 0.06975219
10.05000000 0.08079397
10.15000000 0.07476282
10.25000000 0.05871818
10.35000000 0.06754702
10.45000000 0.08684848
10.55000000 0.08370567
10.65000000 0.07618912
10.75000000 0.07762583
10.85000000 0.07576169
10.95000000 0.06095735
11.05000000 0.05070941
11.15000000 0.05819907
11.25000000 0.04886714
11.35000000 0.05283450
11.45000000 0.05313320
11.55000000 0.05739101
11.65000000 0.05175037
11.75000000 0.05481170
11.85000000 0.03998558
11.95000000 0.03860344
12.05000000 0.03556667
12.15000000 0.05054325
12.25000000 0.03207203
12.35000000 0.04052328
12.45000000 0.02496112
12.55000000 0.01885220
12.65000000 -0.00068407
12.75000000 0.00617370
12.85000000 0.00308519
12.95000000 -0.01110531
13.05000000 -0.03308759
13.15000000 -0.04081370
13.25000000 -0.04573503
13.35000000 -0.08138477
13.45000000 -0.08433654
13.55000000 -0.08649327
13.65000000 -0.11103846
13.75000000 -0.11713387
13.85000000 -0.12168307
13.95000000 -0.11397713
14.05000000 -0.11468956
14.15000000 -0.10273914
14.25000000 -0.11182666
14.35000000 -0.11684998
14.45000000 -0.11072678
14.55000000 -0.10071425
14.65000000 -0.10086432
14.75000000 -0.09503115
14.85000000 -0.08450947
14.95000000 -0.07981795
110
4.05000000 17.63758732
4.15000000 13.46060702
4.25000000 10.58715799
4.35000000 8.17085783
4.45000000 6.25897859
4.55000000 4.64693025
4.65000000 3.34419325
4.75000000 2.22449120
4.85000000 1.35408994
4.95000000 0.70289253
5.05000000 0.29110644
5.15000000 -0.00240678
5.25000000 -0.17975795
5.35000000 -0.21563625
5.45000000 -0.17629198
5.55000000 -0.08061809
5.65000000 -0.00182154
5.75000000 0.13999543
5.85000000 0.26693074
5.95000000 0.40969833
6.05000000 0.51225168
6.15000000 0.63994241
6.25000000 0.73905768
6.35000000 0.81901560
6.45000000 0.90598922
6.55000000 0.98769367
6.65000000 0.98520924
6.75000000 0.94698836
6.85000000 0.91359184
6.95000000 0.85747517
7.05000000 0.75574423
7.15000000 0.68427055
7.25000000 0.63348926
7.35000000 0.57864831
7.45000000 0.51159336
7.55000000 0.46748501
7.65000000 0.40819302
7.75000000 0.36163872
7.85000000 0.31937540
7.95000000 0.29542444
8.05000000 0.24956564
8.15000000 0.21060768
8.25000000 0.18092163
8.35000000 0.16622250
8.45000000 0.14833499
8.55000000 0.14555459
8.65000000 0.13339774
8.75000000 0.11913874
8.85000000 0.08905650
8.95000000 0.08438789
9.05000000 0.07989137
9.15000000 0.09289050
9.25000000 0.10232230
9.35000000 0.10364381
9.45000000 0.08975033
9.55000000 0.09489298
9.65000000 0.11406073
9.75000000 0.12206556
9.85000000 0.12031877
9.95000000 0.11707044
10.05000000 0.13394981
10.15000000 0.12572342
10.25000000 0.10944063
10.35000000 0.12366927
10.45000000 0.13596787
10.55000000 0.13412928
10.65000000 0.12326767
10.75000000 0.12446863
10.85000000 0.12308886
10.95000000 0.10527677
11.05000000 0.09433272
11.15000000 0.09457114
11.25000000 0.08556690
11.35000000 0.08501499
11.45000000 0.08540033
11.55000000 0.08808401
11.65000000 0.07950487
11.75000000 0.08059150
11.85000000 0.06282350
11.95000000 0.06068337
12.05000000 0.05129987
12.15000000 0.07171619
12.25000000 0.04666054
12.35000000 0.05224494
12.45000000 0.04139384
12.55000000 0.02980544
12.65000000 0.00742814
12.75000000 0.01323081
12.85000000 0.00969050
12.95000000 -0.01142900
13.05000000 -0.03317322
13.15000000 -0.04481567
13.25000000 -0.04653302
13.35000000 -0.08018206
13.45000000 -0.08337134
13.55000000 -0.08490336
13.65000000 -0.11037554
13.75000000 -0.11393293
13.85000000 -0.12218285
13.95000000 -0.11197908
14.05000000 -0.11170328
14.15000000 -0.10299606
14.25000000 -0.10842941
14.35000000 -0.11445828
14.45000000 -0.10813530
14.55000000 -0.09996320
14.65000000 -0.10259714
14.75000000 -0.09318541
14.85000000 -0.08414363
14.95000000 -0.07760398
110
4.05000000 17.69515887
4.15000000 13.66640651
4.25000000 10.73995845
4.35000000 8.30611158
4.45000000 6.40075814
4.55000000 4.78845683
4.65000000 3.48048871
4.75000000 2.35477197
4.85000000 1.48212878
4.95000000 0.83056340
5.05000000 0.42593456
5.15000000 0.11986193
5.25000000 -0.05747595
5.35000000 -0.09687657
5.45000000 -0.06264668
5.55000000 0.02162343
5.65000000 0.09434868
5.75000000 0.23068528
5.85000000 0.34832141
5.95000000 0.48988159
6.05000000 0.58990405
6.15000000 0.70524663
6.25000000 0.79689516
6.35000000 0.88128919
6.45000000 0.96210715
6.55000000 1.03680918
6.65000000 1.03556182
6.75000000 1.00217058
6.85000000 0.97016723
6.95000000 0.89593016
7.05000000 0.79529066
7.15000000 0.72848537
7.25000000 0.67343729
7.35000000 0.61735022
7.45000000 0.54746593
7.55000000 0.50218346
7.65000000 0.44561649
7.75000000 0.39185039
7.85000000 0.35110741
7.95000000 0.32871787
8.05000000 0.27529813
8.15000000 0.24218321
8.25000000 0.21249186
8.35000000 0.19758593
8.45000000 0.18270946
8.55000000 0.17073889
8.65000000 0.16565987
8.75000000 0.15221461
8.85000000 0.11947816
8.95000000 0.11771355
9.05000000 0.11059264
9.15000000 0.12569052
9.25000000 0.13133530
9.35000000 0.13743243
9.45000000 0.12369813
9.55000000 0.12522840
9.65000000 0.14120371
9.75000000 0.16005410
9.85000000 0.15451689
9.95000000 0.15069022
10.05000000 0.16763690
10.15000000 0.15877406
10.25000000 0.14237307
10.35000000 0.14856614
10.45000000 0.16531935
10.55000000 0.16240302
10.65000000 0.14863761
10.75000000 0.15009495
10.85000000 0.14876977
10.95000000 0.13025318
11.05000000 0.11887047
11.15000000 0.11944236
11.25000000 0.11503427
11.35000000 0.10644987
11.45000000 0.10791485
11.55000000 0.10561075
11.65000000 0.10009837
11.75000000 0.09491639
11.85000000 0.07927950
11.95000000 0.07750065
12.05000000 0.06761721
12.15000000 0.07777210
12.25000000 0.05069929
12.35000000 0.05533698
12.45000000 0.04280727
12.55000000 0.03367391
12.65000000 0.00666683
12.75000000 0.01082748
12.85000000 0.01285693
12.95000000 -0.01060834
13.05000000 -0.03223399
13.15000000 -0.04809910
13.25000000 -0.05311625
13.35000000 -0.08811471
13.45000000 -0.08684587
13.55000000 -0.09106927
13.65000000 -0.12061588
13.75000000 -0.12108534
13.85000000 -0.13086591
13.95000000 -0.12528592
14.05000000 -0.12226602
14.15000000 -0.11222110
14.25000000 -0.12321108
14.35000000 -0.13141694
14.45000000 -0.12552731
14.55000000 -0.11251930
14.65000000 -0.11450648
14.75000000 -0.10463905
14.85000000 -0.09610041
14.95000000 -0.09086718
110
4.05000000 20.40236879
4.15000000 16.37188844
4.25000000 14.36464144
4.35000000 11.79495636
4.45000000 9.54351681
4.55000000 7.89141100
4.65000000 6.53270524
4.75000000 5.33909067
4.85000000 4.40903856
4.95000000 3.75055251
5.05000000 3.28974707
5.15000000 2.84912058
5.25000000 2.56305183
5.35000000 2.53067359
5.45000000 2.41349308
5.55000000 2.44695050
5.65000000 2.47147506
5.75000000 2.52762203
5.85000000 2.51154588
5.95000000 2.67494301
6.05000000 2.62059055
6.15000000 2.67385654
6.25000000 2.70983164
6.35000000 2.68262964
6.45000000 2.64076750
6.55000000 2.67605817
6.65000000 2.49684704
6.75000000 2.44832049
6.85000000 2.26754229
6.95000000 2.15696319
7.05000000 1.99107544
7.15000000 1.81222491
7.25000000 1.78479444
7.35000000 1.63757876
7.45000000 1.55294150
7.55000000 1.46774471
7.65000000 1.26312363
7.75000000 1.25944157
7.85000000 1.19405370
7.95000000 1.05696563
8.05000000 1.02434075
8.15000000 0.97797082
8.25000000 0.93835884
8.35000000 0.86105241
8.45000000 0.86440787
8.55000000 0.89455720
8.65000000 0.83714347
8.75000000 0.78278063
8.85000000 0.70757785
8.95000000 0.66112243
9.05000000 0.71751810
9.15000000 0.68051796
9.25000000 0.63354477
9.35000000 0.60416949
9.45000000 0.61496516
9.55000000 0.62189890
9.65000000 0.57546784
9.75000000 0.59442577
9.85000000 0.56888809
9.95000000 0.59625218
10.05000000 0.60543543
10.15000000 0.65681687
10.25000000 0.61066225
10.35000000 0.63533858
10.45000000 0.71294037
10.55000000 0.63665341
10.65000000 0.65525298
10.75000000 0.71707208
10.85000000 0.66269157
10.95000000 0.64810722
11.05000000 0.61039943
11.15000000 0.61484688
11.25000000 0.62943679
11.35000000 0.57451169
11.45000000 0.58025974
11.55000000 0.61158678
11.65000000 0.65099129
11.75000000 0.58141623
11.85000000 0.66131654
11.95000000 0.59947295
12.05000000 0.63170083
12.15000000 0.55066650
12.25000000 0.54852592
12.35000000 0.52042636
12.45000000 0.48557368
12.55000000 0.51577736
12.65000000 0.39182643
12.75000000 0.39225391
12.85000000 0.36538330
12.95000000 0.32718901
13.05000000 0.27562504
13.15000000 0.28388193
13.25000000 0.25578900
13.35000000 0.23077951
13.45000000 0.21191243
13.55000000 0.18768004
13.65000000 0.15488125
13.75000000 0.08635278
13.85000000 0.10105303
13.95000000 0.11669265
14.05000000 0.09688982
14.15000000 0.04594782
14.25000000 0.02057514
14.35000000 0.04087649
14.45000000 0.02157293
14.55000000 0.03824726
14.65000000 0.01378537
14.75000000 -0.01001657
14.85000000 -0.00662453
14.95000000 -0.00041411
110
4.05000000 24.22513369
4.15000000 19.33822656
4.25000000 16.37023475
4.35000000 13.85557516
4.45000000 11.59539768
4.55000000 9.97891992
4.65000000 8.55661353
4.75000000 7.23938142
4.85000000 6.27564626
4.95000000 5.59871650
5.05000000 5.06121602
5.15000000 4.65604071
5.25000000 4.29507540
5.35000000 4.16225816
5.45000000 4.04297539
5.55000000 4.04318461
5.65000000 3.99856219
5.75000000 4.00563562
5.85000000 3.96911034
5.95000000 4.04724936
6.05000000 3.95729467
6.15000000 4.00045501
6.25000000 4.00759896
6.35000000 3.90167642
6.45000000 3.89730212
6.55000000 3.81542658
6.65000000 3.67508407
6.75000000 3.51679778
6.85000000 3.33599282
6.95000000 3.23035340
7.05000000 3.00054301
7.15000000 2.80174499
7.25000000 2.72276299
7.35000000 2.59635595
7.45000000 2.47661580
7.55000000 2.32857699
7.65000000 2.12113679
7.75000000 2.06959540
7.85000000 1.96379287
7.95000000 1.83567512
8.05000000 1.77985007
8.15000000 1.68292393
8.25000000 1.62562303
8.35000000 1.55018663
8.45000000 1.47775386
8.55000000 1.47772075
8.65000000 1.41620044
8.75000000 1.35186759
8.85000000 1.24847416
8.95000000 1.25727614
9.05000000 1.21495501
9.15000000 1.20259711
9.25000000 1.15781255
9.35000000 1.14843949
9.45000000 1.15289383
9.55000000 1.11799282
9.65000000 1.14706630
9.75000000 1.09895393
9.85000000 1.07379993
9.95000000 1.08922362
10.05000000 1.08411491
10.15000000 1.09263337
10.25000000 1.03657518
10.35000000 0.98179425
10.45000000 1.05872298
10.55000000 0.97397020
10.65000000 0.99912931
10.75000000 0.98233882
10.85000000 0.97079883
10.95000000 0.94531480
11.05000000 0.92548043
11.15000000 0.91919744
11.25000000 0.90781213
11.35000000 0.87973268
11.45000000 0.85702719
11.55000000 0.85316572
11.65000000 0.85521801
11.75000000 0.83586199
11.85000000 0.86981188
11.95000000 0.83752268
12.05000000 0.80379653
12.15000000 0.73355776
12.25000000 0.69570017
12.35000000 0.68925958
12.45000000 0.67379530
12.55000000 0.69063883
12.65000000 0.57164109
12.75000000 0.58258322
12.85000000 0.54393574
12.95000000 0.52119104
13.05000000 0.46856959
13.15000000 0.43171152
13.25000000 0.40063516
13.35000000 0.35993704
13.45000000 0.35002905
13.55000000 0.33196931
13.65000000 0.29758040
13.75000000 0.24264499
13.85000000 0.25351079
13.95000000 0.23362144
14.05000000 0.20194147
14.15000000 0.16844450
14.25000000 0.15113390
14.35000000 0.15326931
14.45000000 0.11579150
14.55000000 0.12008046
14.65000000 0.10770683
14.75000000 0.08877145
14.85000000 0.08777848
14.95000000 0.07359141
110
4.05000000 29.16520591
4.15000000 18.98625217
4.25000000 16.58472517
4.35000000 13.59223099
4.45000000 11.65363536
4.55000000 9.86001063
4.65000000 8.19785727
4.75000000 7.19527485
4.85000000 6.37041985
4.95000000 5.68536759
5.05000000 5.09533278
5.15000000 4.65459286
5.25000000 4.25737965
5.35000000 4.22076675
5.45000000 4.32506800
5.55000000 4.28894500
5.65000000 4.18507359
5.75000000 4.23739316
5.85000000 4.23386798
5.95000000 4.41106097
6.05000000 4.53896370
6.15000000 4.40933220
6.25000000 4.25803183
6.35000000 4.42272019
6.45000000 4.38355928
6.55000000 4.10010114
6.65000000 3.80406594
6.75000000 3.76582434
6.85000000 3.81700616
6.95000000 3.86661044
7.05000000 3.51922473
7.15000000 3.18866537
7.25000000 3.15719382
7.35000000 3.18049930
7.45000000 2.84081400
7.55000000 2.82742118
7.65000000 2.63926529
7.75000000 2.39858439
7.85000000 2.31935241
7.95000000 2.13949505
8.05000000 2.39341018
8.15000000 1.98586516
8.25000000 2.10116896
8.35000000 1.76578600
8.45000000 1.85848141
8.55000000 1.91127997
8.65000000 1.81045536
8.75000000 1.64436091
8.85000000 1.55913095
8.95000000 1.33457603
9.05000000 1.49938246
9.15000000 1.33997844
9.25000000 1.27322781
9.35000000 1.24519391
9.45000000 1.32379782
9.55000000 1.47581214
9.65000000 1.24729463
9.75000000 1.22728945
9.85000000 1.21679310
9.95000000 1.24373261
10.05000000 1.28642169
10.15000000 1.25115072
10.25000000 1.37584666
10.35000000 1.14892972
10.45000000 1.25021690
10.55000000 1.09774567
10.65000000 1.24320623
10.75000000 1.18117483
10.85000000 1.06774653
10.95000000 1.05206557
11.05000000 1.00891873
11.15000000 1.17227330
11.25000000 1.06232995
11.35000000 1.04549158
11.45000000 1.19983966
11.55000000 0.93951702
11.65000000 1.16640289
11.75000000 1.31033082
11.85000000 1.08580718
11.95000000 0.96457248
12.05000000 0.95548430
12.15000000 0.93707665
12.25000000 0.79476479
12.35000000 0.99580916
12.45000000 0.76673651
12.55000000 1.05963831
12.65000000 1.00469714
12.75000000 0.82394715
12.85000000 0.81532047
12.95000000 0.68600190
13.05000000 0.72840808
13.15000000 0.77164026
13.25000000 0.74278361
13.35000000 0.71457305
13.45000000 0.64920864
13.55000000 0.52692392
13.65000000 0.50530612
13.75000000 0.59468014
13.85000000 0.58172309
13.95000000 0.36225763
14.05000000 0.50998856
14.15000000 0.40076238
14.25000000 0.21788146
14.35000000 0.47066358
14.45000000 0.19833233
14.55000000 0.14924886
14.65000000 0.21567788
14.75000000 0.21451075
14.85000000 0.32101821
14.95000000 0.02962422
110
4.05000000 24.20986537
4.15000000 16.52772964
4.25000000 14.12366429
4.35000000 11.49054000
4.45000000 9.26768168
4.55000000 7.49594385
4.65000000 6.66585809
4.75000000 5.30042695
4.85000000 4.59344257
4.95000000 3.82107291
5.05000000 3.23754717
5.15000000 3.04115034
5.25000000 2.76923184
5.35000000 2.64066151
5.45000000 2.63861537
5.55000000 2.64193101
5.65000000 2.60931013
5.75000000 2.79955418
5.85000000 2.65601461
5.95000000 2.89070762
6.05000000 3.05945984
6.15000000 2.95538583
6.25000000 2.94842131
6.35000000 3.06951450
6.45000000 3.04938952
6.55000000 2.90863593
6.65000000 2.69476201
6.75000000 2.80809354
6.85000000 2.59418609
6.95000000 2.66869488
7.05000000 2.57425794
7.15000000 2.54144043
7.25000000 2.48834128
7.35000000 2.36124484
7.45000000 2.25483106
7.55000000 2.14915637
7.65000000 1.99643274
7.75000000 1.98100284
7.85000000 1.93201720
7.95000000 1.89610834
8.05000000 1.95424357
8.15000000 1.78101060
8.25000000 1.92459569
8.35000000 1.64935803
8.45000000 1.69016024
8.55000000 1.73924147
8.65000000 1.71287893
8.75000000 1.67959507
8.85000000 1.63955398
8.95000000 1.72824806
9.05000000 1.60361305
9.15000000 1.51988112
9.25000000 1.58358622
9.35000000 1.66110020
9.45000000 1.51890785
9.55000000 1.64673975
9.65000000 1.51602305
9.75000000 1.59159540
9.85000000 1.59205379
9.95000000 1.61486031
10.05000000 1.51510562
10.15000000 1.49772701
10.25000000 1.53559016
10.35000000 1.37433381
10.45000000 1.57270776
10.55000000 1.50937897
10.65000000 1.53300485
10.75000000 1.48147241
10.85000000 1.35161930
10.95000000 1.47271937
11.05000000 1.43370785
11.15000000 1.48327375
11.25000000 1.38130108
11.35000000 1.28191206
11.45000000 1.28080734
11.55000000 1.11141044
11.65000000 1.12625385
11.75000000 1.21102915
11.85000000 1.10076335
11.95000000 1.10524242
12.05000000 1.03385349
12.15000000 1.03180737
12.25000000 0.83767638
12.35000000 0.91025580
12.45000000 0.74755968
12.55000000 1.01477427
12.65000000 0.93148704
12.75000000 0.79771496
12.85000000 0.70724101
12.95000000 0.71058714
13.05000000 0.62463898
13.15000000 0.61615284
13.25000000 0.69298475
13.35000000 0.53629736
13.45000000 0.54187968
13.55000000 0.44876902
13.65000000 0.39087101
13.75000000 0.40624685
13.85000000 0.46108235
13.95000000 0.29540982
14.05000000 0.39353648
14.15000000 0.29459580
14.25000000 0.20140579
14.35000000 0.31252935
14.45000000 0.14949170
14.55000000 0.16961112
14.65000000 0.10541902
14.75000000 0.11948585
14.85000000 0.14255677
14.95000000 0.08357847
110
4.05000000 25.44773000
4.15000000 18.14412368
4.25000000 14.15649370
4.35000000 12.40727133
4.45000000 10.27952560
4.55000000 8.48789878
4.65000000 7.35482459
4.75000000 5.93365347
4.85000000 5.20541414
4.95000000 4.29587098
5.05000000 3.87338907
5.15000000 3.65603681
5.25000000 3.24296364
5.35000000 3.13539676
5.45000000 3.11962352
5.55000000 2.96658705
5.65000000 2.95179387
5.75000000 3.11427026
5.85000000 2.97332339
5.95000000 3.13017582
6.05000000 3.20776772
6.15000000 3.04543315
6.25000000 3.13144104
6.35000000 3.05591337
6.45000000 3.17604913
6.55000000 2.93442149
6.65000000 2.82126929
6.75000000 2.70576295
6.85000000 2.60385195
6.95000000 2.62575546
7.05000000 2.30321301
7.15000000 2.21662210
7.25000000 2.20154885
7.35000000 2.07032346
7.45000000 1.90476095
7.55000000 1.75915439
7.65000000 1.69187755
7.75000000 1.64397441
7.85000000 1.57601202
7.95000000 1.46571899
8.05000000 1.53311089
8.15000000 1.30705972
8.25000000 1.53210084
8.35000000 1.33735899
8.45000000 1.36661052
8.55000000 1.33029739
8.65000000 1.16191711
8.75000000 1.36558460
8.85000000 1.26503776
8.95000000 1.33267563
9.05000000 1.22377578
9.15000000 1.20326249
9.25000000 1.19461683
9.35000000 1.15403673
9.45000000 1.09533421
9.55000000 1.28006325
9.65000000 1.12525138
9.75000000 1.16002821
9.85000000 1.16942130
9.95000000 1.05865396
10.05000000 1.05618942
10.15000000 1.03786349
10.25000000 1.08999151
10.35000000 1.05114681
10.45000000 1.14108706
10.55000000 1.09324656
10.65000000 1.08410684
10.75000000 1.03165361
10.85000000 1.00118897
10.95000000 0.97737801
11.05000000 0.99423680
11.15000000 0.99506241
11.25000000 0.96886736
11.35000000 0.89450802
11.45000000 0.93555317
11.55000000 0.77299925
11.65000000 0.80392756
11.75000000 0.81583743
11.85000000 0.75683815
11.95000000 0.82853876
12.05000000 0.72141451
12.15000000 0.70146992
12.25000000 0.70136988
12.35000000 0.65680286
12.45000000 0.60994386
12.55000000 0.69214119
12.65000000 0.54967477
12.75000000 0.53189129
12.85000000 0.53857913
12.95000000 0.50167350
13.05000000 0.44548790
13.15000000 0.38823412
13.25000000 0.37892950
13.35000000 0.28695553
13.45000000 0.36621254
13.55000000 0.18620585
13.65000000 0.19247142
13.75000000 0.18162042
13.85000000 0.22413221
13.95000000 0.11077675
14.05000000 0.17518208
14.15000000 0.14257730
14.25000000 0.14624343
14.35000000 0.18107616
14.45000000 0.13249683
14.55000000 0.15916029
14.65000000 0.14255860
14.75000000 0.11920585
14.85000000 0.16173307
14.95000000 0.06981787
110
4.05000000 27.44959158
4.15000000 18.58646765
4.25000000 15.87006241
4.35000000 13.84305430
4.45000000 11.73985631
4.55000000 10.05597424
4.65000000 8.59576358
4.75000000 7.36944100
4.85000000 6.43700656
4.95000000 5.60409717
5.05000000 5.21318620
5.15000000 4.87165481
5.25000000 4.50296023
5.35000000 4.42141743
5.45000000 4.35659507
5.55000000 4.30453786
5.65000000 4.25968560
5.75000000 4.37701669
5.85000000 4.28034096
5.95000000 4.34329823
6.05000000 4.38951223
6.15000000 4.29917484
6.25000000 4.28156352
6.35000000 4.24217948
6.45000000 4.31039356
6.55000000 4.17599727
6.65000000 4.12201397
6.75000000 3.90240705
6.85000000 3.79804049
6.95000000 3.64382087
7.05000000 3.46973241
7.15000000 3.32579339
7.25000000 3.20133057
7.35000000 3.09181550
7.45000000 2.94386250
7.55000000 2.83895056
7.65000000 2.69392110
7.75000000 2.63038229
7.85000000 2.47251557
7.95000000 2.40410048
8.05000000 2.43444224
8.15000000 2.23439710
8.25000000 2.27693202
8.35000000 2.13202972
8.45000000 2.10032820
8.55000000 2.10111959
8.65000000 1.95682795
8.75000000 1.98314732
8.85000000 1.86752957
8.95000000 1.89114540
9.05000000 1.76367033
9.15000000 1.80897095
9.25000000 1.79029760
9.35000000 1.72877316
9.45000000 1.69463952
9.55000000 1.74544772
9.65000000 1.67140333
9.75000000 1.66549556
9.85000000 1.66225136
9.95000000 1.58447616
10.05000000 1.56527594
10.15000000 1.55098114
10.25000000 1.55792494
10.35000000 1.53315059
10.45000000 1.58411276
10.55000000 1.54870287
10.65000000 1.53135275
10.75000000 1.48080711
10.85000000 1.43691489
10.95000000 1.39032215
11.05000000 1.39297419
11.15000000 1.37583968
11.25000000 1.31136791
11.35000000 1.24109492
11.45000000 1.27850657
11.55000000 1.17784734
11.65000000 1.19973279
11.75000000 1.19535003
11.85000000 1.10754318
11.95000000 1.13027291
12.05000000 1.04410409
12.15000000 1.00863916
12.25000000 0.99254348
12.35000000 0.98926377
12.45000000 0.87397854
12.55000000 0.89361023
12.65000000 0.81366391
12.75000000 0.79543413
12.85000000 0.74494000
12.95000000 0.72874110
13.05000000 0.67083124
13.15000000 0.64724231
13.25000000 0.60466151
13.35000000 0.50465384
13.45000000 0.52514317
13.55000000 0.38649526
13.65000000 0.40847181
13.75000000 0.33073209
13.85000000 0.32292294
13.95000000 0.28113639
14.05000000 0.26322507
14.15000000 0.23708905
14.25000000 0.21498534
14.35000000 0.22266887
14.45000000 0.18702388
14.55000000 0.18154289
14.65000000 0.19846107
14.75000000 0.13306474
14.85000000 0.13351967
14.95000000 0.11109805
110
4.05000000 24.63749711
4.15000000 20.29488421
4.25000000 17.32659800
4.35000000 15.08318454
4.45000000 12.75805546
4.55000000 11.14724178
4.65000000 9.74282670
4.75000000 8.44595731
4.85000000 7.49645188
4.95000000 6.66227820
5.05000000 6.17488920
5.15000000 5.76280634
5.25000000 5.38731950
5.35000000 5.27095600
5.45000000 5.19079494
5.55000000 5.11000772
5.65000000 5.05521938
5.75000000 5.11254259
5.85000000 5.05387095
5.95000000 5.07361118
6.05000000 5.08922406
6.15000000 5.04214317
6.25000000 4.95887710
6.35000000 4.91384050
6.45000000 4.91808361
6.55000000 4.85912112
6.65000000 4.79189457
6.75000000 4.55943223
6.85000000 4.46745033
6.95000000 4.29780941
7.05000000 4.10598428
7.15000000 3.92855608
7.25000000 3.76415717
7.35000000 3.60968672
7.45000000 3.42942869
7.55000000 3.34456973
7.65000000 3.17691095
7.75000000 3.08856469
7.85000000 2.88986907
7.95000000 2.84488510
8.05000000 2.80030854
8.15000000 2.64611352
8.25000000 2.60362775
8.35000000 2.52704657
8.45000000 2.49796668
8.55000000 2.45326951
8.65000000 2.32794052
8.75000000 2.32780574
8.85000000 2.21308543
8.95000000 2.22092295
9.05000000 2.12684185
9.15000000 2.13271702
9.25000000 2.11915601
9.35000000 2.04077048
9.45000000 2.02680827
9.55000000 2.03416310
9.65000000 1.96075651
9.75000000 1.95429506
9.85000000 1.91191461
9.95000000 1.85319493
10.05000000 1.85613059
10.15000000 1.80175804
10.25000000 1.77763207
10.35000000 1.72067648
10.45000000 1.74566191
10.55000000 1.71554059
10.65000000 1.70024662
10.75000000 1.62095171
10.85000000 1.57533829
10.95000000 1.52950115
11.05000000 1.49075356
11.15000000 1.46819671
11.25000000 1.41276898
11.35000000 1.37663313
11.45000000 1.36772193
11.55000000 1.28041443
11.65000000 1.26386732
11.75000000 1.26422690
11.85000000 1.19296347
11.95000000 1.16708902
12.05000000 1.08546829
12.15000000 1.05095753
12.25000000 1.01630876
12.35000000 0.96689710
12.45000000 0.91486564
12.55000000 0.90602217
12.65000000 0.85354821
12.75000000 0.80825189
12.85000000 0.76553125
12.95000000 0.72745373
13.05000000 0.66091650
13.15000000 0.64913005
13.25000000 0.60681891
13.35000000 0.52068524
13.45000000 0.51238661
13.55000000 0.42057466
13.65000000 0.39212438
13.75000000 0.34502713
13.85000000 0.32819835
13.95000000 0.28248964
14.05000000 0.25154291
14.15000000 0.25439905
14.25000000 0.21124773
14.35000000 0.19019143
14.45000000 0.16648881
14.55000000 0.14946651
14.65000000 0.14210715
14.75000000 0.11555547
14.85000000 0.10061922
14.95000000 0.09693030
110
4.05000000 24.75866677
4.15000000 20.56223518
4.25000000 17.76601220
4.35000000 15.33571590
4.45000000 13.06292239
4.55000000 11.46834975
4.65000000 10.03441050
4.75000000 8.76482100
4.85000000 7.80001613
4.95000000 6.98160496
5.05000000 6.44601138
5.15000000 6.06195855
5.25000000 5.68401140
5.35000000 5.53251268
5.45000000 5.44121426
5.55000000 5.37105190
5.65000000 5.32281466
5.75000000 5.35279819
5.85000000 5.32317526
5.95000000 5.31828619
6.05000000 5.30809225
6.15000000 5.29160331
6.25000000 5.22896013
6.35000000 5.17257793
6.45000000 5.14793930
6.55000000 5.06596222
6.65000000 4.96900831
6.75000000 4.78259675
6.85000000 4.63439153
6.95000000 4.45485297
7.05000000 4.24083315
7.15000000 4.07163275
7.25000000 3.86966572
7.35000000 3.75175871
7.45000000 3.56662850
7.55000000 3.45002581
7.65000000 3.28843420
7.75000000 3.17820186
7.85000000 3.01495505
7.95000000 2.95355952
8.05000000 2.85157693
8.15000000 2.72423281
8.25000000 2.64507917
8.35000000 2.57905300
8.45000000 2.50883899
8.55000000 2.45081328
8.65000000 2.35749762
8.75000000 2.33654551
8.85000000 2.21436824
8.95000000 2.19540812
9.05000000 2.12504367
9.15000000 2.11883779
9.25000000 2.07328677
9.35000000 2.03437857
9.45000000 1.99357902
9.55000000 1.97249448
9.65000000 1.94175472
9.75000000 1.92909833
9.85000000 1.88392433
9.95000000 1.83399771
10.05000000 1.85303688
10.15000000 1.79117514
10.25000000 1.76087475
10.35000000 1.70708990
10.45000000 1.72121239
10.55000000 1.68730428
10.65000000 1.66051428
10.75000000 1.58431637
10.85000000 1.58266610
10.95000000 1.52349956
11.05000000 1.48460725
11.15000000 1.44853063
11.25000000 1.41298359
11.35000000 1.37510086
11.45000000 1.34045952
11.55000000 1.28752358
11.65000000 1.26287777
11.75000000 1.22886587
11.85000000 1.18535293
11.95000000 1.15159168
12.05000000 1.07902141
12.15000000 1.07590177
12.25000000 1.01074406
12.35000000 0.98538839
12.45000000 0.91862783
12.55000000 0.89333709
12.65000000 0.82864266
12.75000000 0.79962444
12.85000000 0.73671099
12.95000000 0.69882290
13.05000000 0.62811502
13.15000000 0.58236316
13.25000000 0.56253176
13.35000000 0.48304340
13.45000000 0.46325637
13.55000000 0.39673228
13.65000000 0.36569585
13.75000000 0.30962621
13.85000000 0.29085377
13.95000000 0.25655248
14.05000000 0.21792179
14.15000000 0.23006989
14.25000000 0.18394364
14.35000000 0.16702999
14.45000000 0.13579857
14.55000000 0.12615192
14.65000000 0.10346252
14.75000000 0.08739325
14.85000000 0.09015005
14.95000000 0.06597857
110
4.05000000 24.83850901
4.15000000 20.49361407
4.25000000 18.09194981
4.35000000 15.34399103
4.45000000 13.23495404
4.55000000 11.59507869
4.65000000 10.17997583
4.75000000 8.89103518
4.85000000 7.93260300
4.95000000 7.14558060
5.05000000 6.60886132
5.15000000 6.17285135
5.25000000 5.83905532
5.35000000 5.67222995
5.45000000 5.58173612
5.55000000 5.52782680
5.65000000 5.44647249
5.75000000 5.50134421
5.85000000 5.47826430
5.95000000 5.46746403
6.05000000 5.42803001
6.15000000 5.44523011
6.25000000 5.35933066
6.35000000 5.33091414
6.45000000 5.25917342
6.55000000 5.19355624
6.65000000 5.07705932
6.75000000 4.89711996
6.85000000 4.78127605
6.95000000 4.58974301
7.05000000 4.35975804
7.15000000 4.18312980
7.25000000 4.01457282
7.35000000 3.87576376
7.45000000 3.69701990
7.55000000 3.58897729
7.65000000 3.42191474
7.75000000 3.28351156
7.85000000 3.14989984
7.95000000 3.05051240
8.05000000 2.94720460
8.15000000 2.83841202
8.25000000 2.72971500
8.35000000 2.67449551
8.45000000 2.59386342
8.55000000 2.55272525
8.65000000 2.45692312
8.75000000 2.42428937
8.85000000 2.31169859
8.95000000 2.29677851
9.05000000 2.22141100
9.15000000 2.18594013
9.25000000 2.13917544
9.35000000 2.10311061
9.45000000 2.05525383
9.55000000 2.02206104
9.65000000 1.99304882
9.75000000 1.96005812
9.85000000 1.92423578
9.95000000 1.89774909
10.05000000 1.90612651
10.15000000 1.84607630
10.25000000 1.79910481
10.35000000 1.75288888
10.45000000 1.75960910
10.55000000 1.73894111
10.65000000 1.68656619
10.75000000 1.64478395
10.85000000 1.60773710
10.95000000 1.56832482
11.05000000 1.53091549
11.15000000 1.46763780
11.25000000 1.44474975
11.35000000 1.40324390
11.45000000 1.36809484
11.55000000 1.32362957
11.65000000 1.28730450
11.75000000 1.26089226
11.85000000 1.23770617
11.95000000 1.18753249
12.05000000 1.11346465
12.15000000 1.10464781
12.25000000 1.04668358
12.35000000 1.01100315
12.45000000 0.94677974
12.55000000 0.92110687
12.65000000 0.86198777
12.75000000 0.83207813
12.85000000 0.76940298
12.95000000 0.72995165
13.05000000 0.68528063
13.15000000 0.64113552
13.25000000 0.60706571
13.35000000 0.52784353
13.45000000 0.51222818
13.55000000 0.43940513
13.65000000 0.41703564
13.75000000 0.35163436
13.85000000 0.33022205
13.95000000 0.29452754
14.05000000 0.27432084
14.15000000 0.26467915
14.25000000 0.22435606
14.35000000 0.19276490
14.45000000 0.16950603
14.55000000 0.14806249
14.65000000 0.13134769
14.75000000 0.11280022
14.85000000 0.10463033
14.95000000 0.07959067
110
4.05000000 25.90010133
4.15000000 20.77704650
4.25000000 18.21680080
4.35000000 15.47451192
4.45000000 13.39160440
4.55000000 11.71285682
4.65000000 10.31670137
4.75000000 9.03012760
4.85000000 8.04723701
4.95000000 7.25051342
5.05000000 6.68658859
5.15000000 6.25816767
5.25000000 5.96485788
5.35000000 5.76262031
5.45000000 5.67341672
5.55000000 5.60930342
5.65000000 5.51586612
5.75000000 5.54927559
5.85000000 5.48178630
5.95000000 5.51402213
6.05000000 5.46142837
6.15000000 5.47034814
6.25000000 5.38830346
6.35000000 5.36109494
6.45000000 5.28929720
6.55000000 5.21943380
6.65000000 5.08795504
6.75000000 4.92323116
6.85000000 4.76459950
6.95000000 4.57605384
7.05000000 4.35694694
7.15000000 4.16791298
7.25000000 3.99625628
7.35000000 3.85655908
7.45000000 3.64007441
7.55000000 3.57147534
7.65000000 3.40544460
7.75000000 3.27418846
7.85000000 3.15047540
7.95000000 3.06152520
8.05000000 2.91411257
8.15000000 2.81271160
8.25000000 2.72527862
8.35000000 2.66019933
8.45000000 2.58448769
8.55000000 2.53015812
8.65000000 2.43953516
8.75000000 2.40720325
8.85000000 2.30553332
8.95000000 2.28878327
9.05000000 2.23413287
9.15000000 2.19215847
9.25000000 2.14459829
9.35000000 2.12737527
9.45000000 2.06835912
9.55000000 2.03650361
9.65000000 2.04867492
9.75000000 2.00807532
9.85000000 1.95663043
9.95000000 1.92886048
10.05000000 1.91810333
10.15000000 1.88358551
10.25000000 1.82386020
10.35000000 1.79854842
10.45000000 1.77819656
10.55000000 1.74575132
10.65000000 1.70809859
10.75000000 1.67530435
10.85000000 1.64814782
10.95000000 1.60462196
11.05000000 1.53116406
11.15000000 1.48716965
11.25000000 1.46365973
11.35000000 1.41832810
11.45000000 1.36991444
11.55000000 1.32410571
11.65000000 1.30330198
11.75000000 1.25432958
11.85000000 1.21749667
11.95000000 1.16876096
12.05000000 1.10473487
12.15000000 1.08822036
12.25000000 1.03138430
12.35000000 0.98802892
12.45000000 0.95571175
12.55000000 0.90398093
12.65000000 0.83770903
12.75000000 0.82386542
12.85000000 0.75213351
12.95000000 0.72435936
13.05000000 0.66842374
13.15000000 0.63436738
13.25000000 0.59400814
13.35000000 0.52648810
13.45000000 0.49800605
13.55000000 0.43660483
13.65000000 0.40305815
13.75000000 0.34888443
13.85000000 0.32982971
13.95000000 0.28188497
14.05000000 0.27243812
14.15000000 0.25833576
14.25000000 0.21402766
14.35000000 0.20037501
14.45000000 0.17243328
14.55000000 0.15111690
14.65000000 0.12290789
14.75000000 0.10973564
14.85000000 0.10236857
14.95000000 0.08841750
110
4.05000000 25.79607465
4.15000000 20.76268737
4.25000000 18.18796411
4.35000000 15.42496671
4.45000000 13.36863719
4.55000000 11.66544979
4.65000000 10.26966893
4.75000000 8.99094281
4.85000000 7.99950322
4.95000000 7.20717680
5.05000000 6.63821389
5.15000000 6.21418678
5.25000000 5.91970123
5.35000000 5.71649889
5.45000000 5.62246490
5.55000000 5.56211904
5.65000000 5.47605161
5.75000000 5.50849443
5.85000000 5.44902075
5.95000000 5.47498561
6.05000000 5.42196533
6.15000000 5.42361737
6.25000000 5.35005704
6.35000000 5.32054109
6.45000000 5.25292982
6.55000000 5.18229013
6.65000000 5.05090159
6.75000000 4.89253186
6.85000000 4.73538490
6.95000000 4.54515151
7.05000000 4.32652555
7.15000000 4.14278703
7.25000000 3.96966596
7.35000000 3.82678734
7.45000000 3.61937417
7.55000000 3.54081397
7.65000000 3.37884776
7.75000000 3.24868567
7.85000000 3.12272350
7.95000000 3.03797786
8.05000000 2.89709649
8.15000000 2.79594224
8.25000000 2.71223072
8.35000000 2.64719126
8.45000000 2.57160361
8.55000000 2.51628228
8.65000000 2.43598228
8.75000000 2.39936409
8.85000000 2.30029079
8.95000000 2.27801585
9.05000000 2.22823390
9.15000000 2.18766470
9.25000000 2.14529619
9.35000000 2.12350764
9.45000000 2.06782887
9.55000000 2.03404213
9.65000000 2.03946564
9.75000000 2.00046985
9.85000000 1.95146845
9.95000000 1.91917312
10.05000000 1.90802003
10.15000000 1.87667004
10.25000000 1.81639503
10.35000000 1.79243382
10.45000000 1.77360258
10.55000000 1.74094531
10.65000000 1.70058304
10.75000000 1.66705371
10.85000000 1.63793997
10.95000000 1.59311856
11.05000000 1.52590400
11.15000000 1.48397235
11.25000000 1.45583105
11.35000000 1.41404163
11.45000000 1.36629057
11.55000000 1.32201509
11.65000000 1.29847094
11.75000000 1.25204248
11.85000000 1.21254988
11.95000000 1.16564949
12.05000000 1.11045617
12.15000000 1.09033415
12.25000000 1.03457293
12.35000000 0.99315348
12.45000000 0.95923833
12.55000000 0.91134807
12.65000000 0.84933855
12.75000000 0.83334627
12.85000000 0.76574842
12.95000000 0.73233772
13.05000000 0.67607226
13.15000000 0.63795151
13.25000000 0.59804944
13.35000000 0.53613069
13.45000000 0.50241375
13.55000000 0.44551160
13.65000000 0.41229554
13.75000000 0.35944360
13.85000000 0.33782825
13.95000000 0.29400193
14.05000000 0.28103631
14.15000000 0.26405911
14.25000000 0.22277707
14.35000000 0.20286140
14.45000000 0.17217444
14.55000000 0.15477008
14.65000000 0.12745118
14.75000000 0.11007252
14.85000000 0.10095582
14.95000000 0.08794969
110
4.05000000 25.47636945
4.15000000 20.62590714
4.25000000 17.96664104
4.35000000 15.25976746
4.45000000 13.20377636
4.55000000 11.50096123
4.65000000 10.08903981
4.75000000 8.82048555
4.85000000 7.83474385
4.95000000 7.04400266
5.05000000 6.47979103
5.15000000 6.05499514
5.25000000 5.75826898
5.35000000 5.55821966
5.45000000 5.46095395
5.55000000 5.40688043
5.65000000 5.32705439
5.75000000 5.35707359
5.85000000 5.30595746
5.95000000 5.32540940
6.05000000 5.27867377
6.15000000 5.28443492
6.25000000 5.21481285
6.35000000 5.18343594
6.45000000 5.11971384
6.55000000 5.05647530
6.65000000 4.93714515
6.75000000 4.77723581
6.85000000 4.62243304
6.95000000 4.43989392
7.05000000 4.22565187
7.15000000 4.04830373
7.25000000 3.88155547
7.35000000 3.74113947
7.45000000 3.54616219
7.55000000 3.45862303
7.65000000 3.30313684
7.75000000 3.17741642
7.85000000 3.05381544
7.95000000 2.97473134
8.05000000 2.84022299
8.15000000 2.74216769
8.25000000 2.66263370
8.35000000 2.59801558
8.45000000 2.52062516
8.55000000 2.46780067
8.65000000 2.39091617
8.75000000 2.35167894
8.85000000 2.25897336
8.95000000 2.23468346
9.05000000 2.18598476
9.15000000 2.15316935
9.25000000 2.11313196
9.35000000 2.09256251
9.45000000 2.04204497
9.55000000 2.00736349
9.65000000 2.00835584
9.75000000 1.97609850
9.85000000 1.93186831
9.95000000 1.90118122
10.05000000 1.89182134
10.15000000 1.86253287
10.25000000 1.80770293
10.35000000 1.78295687
10.45000000 1.76840238
10.55000000 1.73812497
10.65000000 1.70111653
10.75000000 1.66859965
10.85000000 1.63874347
10.95000000 1.59136157
11.05000000 1.53315148
11.15000000 1.49399582
11.25000000 1.46307653
11.35000000 1.42350050
11.45000000 1.37663700
11.55000000 1.33488475
11.65000000 1.30988166
11.75000000 1.26647848
11.85000000 1.22257158
11.95000000 1.17974787
12.05000000 1.12806568
12.15000000 1.11021689
12.25000000 1.05213649
12.35000000 1.01106512
12.45000000 0.97563932
12.55000000 0.92892054
12.65000000 0.86490674
12.75000000 0.84842121
12.85000000 0.78613556
12.95000000 0.74805346
13.05000000 0.68941127
13.15000000 0.65017387
13.25000000 0.61048238
13.35000000 0.54875624
13.45000000 0.51277879
13.55000000 0.45728615
13.65000000 0.42047725
13.75000000 0.36675255
13.85000000 0.34496980
13.95000000 0.30099465
14.05000000 0.28358475
14.15000000 0.26383318
14.25000000 0.22499155
14.35000000 0.20137490
14.45000000 0.17207539
14.55000000 0.15451492
14.65000000 0.12700403
14.75000000 0.11081477
14.85000000 0.10002924
14.95000000 0.08592260
110
4.05000000 25.35452036
4.15000000 20.61904795
4.25000000 17.91335661
4.35000000 15.26831928
4.45000000 13.20277538
4.55000000 11.49299645
4.65000000 10.08329646
4.75000000 8.80922475
4.85000000 7.82274090
4.95000000 7.03235864
5.05000000 6.47551663
5.15000000 6.04440051
5.25000000 5.74495772
5.35000000 5.54818367
5.45000000 5.44762249
5.55000000 5.39239447
5.65000000 5.32137743
5.75000000 5.34471686
5.85000000 5.29932479
5.95000000 5.31716570
6.05000000 5.26875451
6.15000000 5.27276140
6.25000000 5.20498266
6.35000000 5.16987147
6.45000000 5.10950833
6.55000000 5.05032153
6.65000000 4.92678662
6.75000000 4.76185952
6.85000000 4.61013856
6.95000000 4.42797325
7.05000000 4.21129780
7.15000000 4.04070016
7.25000000 3.87074843
7.35000000 3.73150902
7.45000000 3.54168247
7.55000000 3.44750547
7.65000000 3.29476802
7.75000000 3.16919139
7.85000000 3.04744169
7.95000000 2.96835591
8.05000000 2.84334843
8.15000000 2.74026814
8.25000000 2.66271713
8.35000000 2.59866948
8.45000000 2.52488548
8.55000000 2.47176262
8.65000000 2.39745978
8.75000000 2.35457462
8.85000000 2.26626083
8.95000000 2.23233752
9.05000000 2.18471656
9.15000000 2.15216236
9.25000000 2.11456437
9.35000000 2.09079041
9.45000000 2.04017563
9.55000000 2.00386392
9.65000000 2.00337460
9.75000000 1.97353877
9.85000000 1.93175438
9.95000000 1.89856955
10.05000000 1.88767298
10.15000000 1.85584048
10.25000000 1.80390632
10.35000000 1.77670222
10.45000000 1.76757632
10.55000000 1.73463139
10.65000000 1.69508475
10.75000000 1.66052371
10.85000000 1.63186011
10.95000000 1.58526048
11.05000000 1.52792001
11.15000000 1.49143016
11.25000000 1.45880943
11.35000000 1.41810657
11.45000000 1.37732448
11.55000000 1.33386329
11.65000000 1.30613423
11.75000000 1.26864948
11.85000000 1.22581140
11.95000000 1.18054937
12.05000000 1.13045988
12.15000000 1.11406417
12.25000000 1.05817310
12.35000000 1.01687881
12.45000000 0.98083110
12.55000000 0.93198630
12.65000000 0.87113929
12.75000000 0.85039205
12.85000000 0.79312315
12.95000000 0.75172157
13.05000000 0.69564367
13.15000000 0.65548130
13.25000000 0.61636551
13.35000000 0.55607986
13.45000000 0.51951159
13.55000000 0.46580845
13.65000000 0.42581325
13.75000000 0.37608517
13.85000000 0.34996367
13.95000000 0.31113468
14.05000000 0.28885401
14.15000000 0.27050817
14.25000000 0.23239017
14.35000000 0.20631611
14.45000000 0.17970896
14.55000000 0.15986413
14.65000000 0.13428683
14.75000000 0.11885819
14.85000000 0.10517139
14.95000000 0.08950616
110
4.05000000 25.24623772
4.15000000 20.54932076
4.25000000 17.77079516
4.35000000 15.15122292
4.45000000 13.09414095
4.55000000 11.39467132
4.65000000 9.98203205
4.75000000 8.71190770
4.85000000 7.72553739
4.95000000 6.93655673
5.05000000 6.38383175
5.15000000 5.95175749
5.25000000 5.65478673
5.35000000 5.45555671
5.45000000 5.35479850
5.55000000 5.30840415
5.65000000 5.24062460
5.75000000 5.25643118
5.85000000 5.21878007
5.95000000 5.23151371
6.05000000 5.18872656
6.15000000 5.19212804
6.25000000 5.12941694
6.35000000 5.09615376
6.45000000 5.03512709
6.55000000 4.97160688
6.65000000 4.85066611
6.75000000 4.69207730
6.85000000 4.54370954
6.95000000 4.36322362
7.05000000 4.14931645
7.15000000 3.98017841
7.25000000 3.81169865
7.35000000 3.67625792
7.45000000 3.48982716
7.55000000 3.39464536
7.65000000 3.24448135
7.75000000 3.12048258
7.85000000 2.99837256
7.95000000 2.92087025
8.05000000 2.79934344
8.15000000 2.69831702
8.25000000 2.61837130
8.35000000 2.55550481
8.45000000 2.48030750
8.55000000 2.42928868
8.65000000 2.35539722
8.75000000 2.30662279
8.85000000 2.21960848
8.95000000 2.18481931
9.05000000 2.13577947
9.15000000 2.10930841
9.25000000 2.06904160
9.35000000 2.04375426
9.45000000 1.99422510
9.55000000 1.95793959
9.65000000 1.95844155
9.75000000 1.92951376
9.85000000 1.88760994
9.95000000 1.86037035
10.05000000 1.84501127
10.15000000 1.81041146
10.25000000 1.76490187
10.35000000 1.73773514
10.45000000 1.72906188
10.55000000 1.69538414
10.65000000 1.65729129
10.75000000 1.62431313
10.85000000 1.59418077
10.95000000 1.54514026
11.05000000 1.49231032
11.15000000 1.45617034
11.25000000 1.42043534
11.35000000 1.38486213
11.45000000 1.34239807
11.55000000 1.30013982
11.65000000 1.27131271
11.75000000 1.23534882
11.85000000 1.18972837
11.95000000 1.14501729
12.05000000 1.10015936
12.15000000 1.07884443
12.25000000 1.02492508
12.35000000 0.98616901
12.45000000 0.95104571
12.55000000 0.90230725
12.65000000 0.84384114
12.75000000 0.82539036
12.85000000 0.76922787
12.95000000 0.72511169
13.05000000 0.67320643
13.15000000 0.63306174
13.25000000 0.59321575
13.35000000 0.53595088
13.45000000 0.49755499
13.55000000 0.44783967
13.65000000 0.40734268
13.75000000 0.35879845
13.85000000 0.33330263
13.95000000 0.29627804
14.05000000 0.27327375
14.15000000 0.25755738
14.25000000 0.21936273
14.35000000 0.19164227
14.45000000 0.16993541
14.55000000 0.15081698
14.65000000 0.12904742
14.75000000 0.11444333
14.85000000 0.10302649
14.95000000 0.08506601
110
4.05000000 25.26721661
4.15000000 20.68890645
4.25000000 17.86537947
4.35000000 15.22257900
4.45000000 13.17671567
4.55000000 11.47037119
4.65000000 10.05159943
4.75000000 8.78434310
4.85000000 7.78719552
4.95000000 7.00544424
5.05000000 6.44879216
5.15000000 6.02122406
5.25000000 5.71948887
5.35000000 5.51761207
5.45000000 5.41851005
5.55000000 5.36738438
5.65000000 5.30124295
5.75000000 5.31585918
5.85000000 5.28205791
5.95000000 5.28813510
6.05000000 5.24487211
6.15000000 5.24150819
6.25000000 5.18376167
6.35000000 5.14513100
6.45000000 5.08173725
6.55000000 5.01700582
6.65000000 4.89880087
6.75000000 4.73585413
6.85000000 4.58540083
6.95000000 4.40029136
7.05000000 4.19055637
7.15000000 4.01764559
7.25000000 3.84641263
7.35000000 3.71113666
7.45000000 3.53032179
7.55000000 3.42856179
7.65000000 3.27860583
7.75000000 3.14822833
7.85000000 3.02611110
7.95000000 2.94217109
8.05000000 2.82206490
8.15000000 2.72032014
8.25000000 2.63874363
8.35000000 2.56712339
8.45000000 2.49251862
8.55000000 2.44113272
8.65000000 2.36548675
8.75000000 2.31559971
8.85000000 2.22711471
8.95000000 2.19080617
9.05000000 2.14006018
9.15000000 2.11661232
9.25000000 2.07728293
9.35000000 2.04733990
9.45000000 1.99797442
9.55000000 1.96450854
9.65000000 1.96222896
9.75000000 1.93376902
9.85000000 1.89528989
9.95000000 1.86117612
10.05000000 1.84767162
10.15000000 1.81253187
10.25000000 1.76795571
10.35000000 1.74058635
10.45000000 1.73146538
10.55000000 1.69606143
10.65000000 1.65617286
10.75000000 1.62364877
10.85000000 1.59187555
10.95000000 1.54225555
11.05000000 1.49389906
11.15000000 1.45804997
11.25000000 1.42061384
11.35000000 1.38478261
11.45000000 1.34452156
11.55000000 1.30489270
11.65000000 1.27253787
11.75000000 1.23759424
11.85000000 1.19126076
11.95000000 1.14517730
12.05000000 1.10266602
12.15000000 1.08129769
12.25000000 1.02881650
12.35000000 0.98936140
12.45000000 0.95132156
12.55000000 0.90677300
12.65000000 0.84547743
12.75000000 0.82472074
12.85000000 0.77244820
12.95000000 0.72667272
13.05000000 0.67269908
13.15000000 0.63370715
13.25000000 0.59380414
13.35000000 0.53216074
13.45000000 0.49632668
13.55000000 0.44661054
13.65000000 0.40464862
13.75000000 0.35729471
13.85000000 0.33091205
13.95000000 0.29739892
14.05000000 0.27293869
14.15000000 0.25372566
14.25000000 0.21688647
14.35000000 0.18927998
14.45000000 0.16789340
14.55000000 0.14867921
14.65000000 0.12643297
14.75000000 0.11301408
14.85000000 0.10089692
14.95000000 0.08328766
110
4.05000000 25.29139875
4.15000000 20.74141118
4.25000000 17.87762272
4.35000000 15.24950476
4.45000000 13.20239808
4.55000000 11.49528272
4.65000000 10.07542239
4.75000000 8.80252152
4.85000000 7.80452819
4.95000000 7.02366080
5.05000000 6.46664078
5.15000000 6.03652999
5.25000000 5.72943568
5.35000000 5.53333181
5.45000000 5.43314789
5.55000000 5.38294369
5.65000000 5.32026469
5.75000000 5.33250990
5.85000000 5.29637969
5.95000000 5.30151159
6.05000000 5.26010152
6.15000000 5.24641369
6.25000000 5.19932400
6.35000000 5.15502214
6.45000000 5.09271251
6.55000000 5.02584266
6.65000000 4.90367476
6.75000000 4.74309324
6.85000000 4.59416874
6.95000000 4.40738169
7.05000000 4.19663047
7.15000000 4.02037111
7.25000000 3.85107541
7.35000000 3.71049867
7.45000000 3.52972408
7.55000000 3.42377943
7.65000000 3.27100504
7.75000000 3.13942246
7.85000000 3.02069842
7.95000000 2.93604339
8.05000000 2.81568021
8.15000000 2.71367882
8.25000000 2.63829514
8.35000000 2.56509389
8.45000000 2.49156650
8.55000000 2.43620377
8.65000000 2.36727628
8.75000000 2.31520905
8.85000000 2.22938906
8.95000000 2.18950532
9.05000000 2.13872724
9.15000000 2.11830982
9.25000000 2.07987210
9.35000000 2.05082027
9.45000000 2.00372509
9.55000000 1.97344015
9.65000000 1.97154327
9.75000000 1.94316549
9.85000000 1.90475875
9.95000000 1.87436951
10.05000000 1.86241045
10.15000000 1.82637416
10.25000000 1.77994049
10.35000000 1.75661276
10.45000000 1.74640034
10.55000000 1.71008966
10.65000000 1.67342380
10.75000000 1.64056890
10.85000000 1.60677044
10.95000000 1.55553469
11.05000000 1.50830444
11.15000000 1.47116985
11.25000000 1.43082615
11.35000000 1.39836605
11.45000000 1.36047501
11.55000000 1.31837221
11.65000000 1.28406594
11.75000000 1.25043772
11.85000000 1.20553141
11.95000000 1.16086608
12.05000000 1.11908120
12.15000000 1.09678715
12.25000000 1.04251425
12.35000000 1.00526674
12.45000000 0.96859520
12.55000000 0.92344665
12.65000000 0.86212546
12.75000000 0.83806988
12.85000000 0.78767869
12.95000000 0.74084247
13.05000000 0.68777590
13.15000000 0.64577863
13.25000000 0.60401945
13.35000000 0.54316791
13.45000000 0.50610959
13.55000000 0.45718816
13.65000000 0.41382465
13.75000000 0.36591440
13.85000000 0.33582592
13.95000000 0.30636633
14.05000000 0.27968823
14.15000000 0.25765058
14.25000000 0.22273194
14.35000000 0.19294829
14.45000000 0.16932700
14.55000000 0.15137523
14.65000000 0.12823134
14.75000000 0.11261892
14.85000000 0.10346894
14.95000000 0.08616143
110
4.05000000 25.31544198
4.15000000 20.74474185
4.25000000 17.87866316
4.35000000 15.26619342
4.45000000 13.22894187
4.55000000 11.51402905
4.65000000 10.10037598
4.75000000 8.82849812
4.85000000 7.83552158
4.95000000 7.05124293
5.05000000 6.49546603
5.15000000 6.06479331
5.25000000 5.75752584
5.35000000 5.56400043
5.45000000 5.46376334
5.55000000 5.41754838
5.65000000 5.35378388
5.75000000 5.36528186
5.85000000 5.33780745
5.95000000 5.34153972
6.05000000 5.30271129
6.15000000 5.28802859
6.25000000 5.24608997
6.35000000 5.19764283
6.45000000 5.13930975
6.55000000 5.07101158
6.65000000 4.95382680
6.75000000 4.78698125
6.85000000 4.63965056
6.95000000 4.44719106
7.05000000 4.23727392
7.15000000 4.06249387
7.25000000 3.89402664
7.35000000 3.75365305
7.45000000 3.57267714
7.55000000 3.46169794
7.65000000 3.30652071
7.75000000 3.17373004
7.85000000 3.05711473
7.95000000 2.96816875
8.05000000 2.84459689
8.15000000 2.74137287
8.25000000 2.66436810
8.35000000 2.58832827
8.45000000 2.51620015
8.55000000 2.46105846
8.65000000 2.38821365
8.75000000 2.33529259
8.85000000 2.24833013
8.95000000 2.20696834
9.05000000 2.15388822
9.15000000 2.13436677
9.25000000 2.09671339
9.35000000 2.06663005
9.45000000 2.02019513
9.55000000 1.98539134
9.65000000 1.98230726
9.75000000 1.95433758
9.85000000 1.91584264
9.95000000 1.88351747
10.05000000 1.87172918
10.15000000 1.83469435
10.25000000 1.78435260
10.35000000 1.76358813
10.45000000 1.75139017
10.55000000 1.71486682
10.65000000 1.67891723
10.75000000 1.64348545
10.85000000 1.61039089
10.95000000 1.55760086
11.05000000 1.51047564
11.15000000 1.47216497
11.25000000 1.43479301
11.35000000 1.40011630
11.45000000 1.36169245
11.55000000 1.32105712
11.65000000 1.28553451
11.75000000 1.24978347
11.85000000 1.20506233
11.95000000 1.16045455
12.05000000 1.11935463
12.15000000 1.09554650
12.25000000 1.04150535
12.35000000 1.00773922
12.45000000 0.96926484
12.55000000 0.92356230
12.65000000 0.86049637
12.75000000 0.83914971
12.85000000 0.78676675
12.95000000 0.73941020
13.05000000 0.68639878
13.15000000 0.64442591
13.25000000 0.60386134
13.35000000 0.54018109
13.45000000 0.50176505
13.55000000 0.45422487
13.65000000 0.40752805
13.75000000 0.36270222
13.85000000 0.33193618
13.95000000 0.30326400
14.05000000 0.28049697
14.15000000 0.25651405
14.25000000 0.22276227
14.35000000 0.19219691
14.45000000 0.16870653
14.55000000 0.15301224
14.65000000 0.13053514
14.75000000 0.11514248
14.85000000 0.10512286
14.95000000 0.09034738
110
4.05000000 25.05155411
4.15000000 20.65861018
4.25000000 17.76594103
4.35000000 15.18614151
4.45000000 13.12939971
4.55000000 11.39906865
4.65000000 9.99672390
4.75000000 8.72543651
4.85000000 7.73727451
4.95000000 6.95514797
5.05000000 6.40699125
5.15000000 5.97697760
5.25000000 5.66774906
5.35000000 5.48173741
5.45000000 5.38358773
5.55000000 5.33468541
5.65000000 5.27706108
5.75000000 5.28970551
5.85000000 5.26815005
5.95000000 5.26879208
6.05000000 5.23383573
6.15000000 5.21904138
6.25000000 5.17555423
6.35000000 5.13567148
6.45000000 5.07954947
6.55000000 5.01501561
6.65000000 4.89747155
6.75000000 4.73608288
6.85000000 4.58381318
6.95000000 4.39646017
7.05000000 4.18770001
7.15000000 4.01462084
7.25000000 3.84689616
7.35000000 3.70926230
7.45000000 3.53240558
7.55000000 3.41680282
7.65000000 3.26310052
7.75000000 3.13073465
7.85000000 3.00931958
7.95000000 2.92296185
8.05000000 2.80146183
8.15000000 2.69977182
8.25000000 2.62436198
8.35000000 2.54445556
8.45000000 2.47451103
8.55000000 2.42101604
8.65000000 2.34776459
8.75000000 2.29400467
8.85000000 2.20600183
8.95000000 2.16331758
9.05000000 2.11051202
9.15000000 2.09373012
9.25000000 2.05851425
9.35000000 2.02837515
9.45000000 1.98047467
9.55000000 1.94831369
9.65000000 1.94413110
9.75000000 1.91336909
9.85000000 1.87639674
9.95000000 1.84284098
10.05000000 1.83200847
10.15000000 1.79747779
10.25000000 1.74500226
10.35000000 1.72667968
10.45000000 1.71375849
10.55000000 1.67758231
10.65000000 1.63836340
10.75000000 1.60466455
10.85000000 1.57179238
10.95000000 1.51967163
11.05000000 1.47650067
11.15000000 1.43867347
11.25000000 1.39805814
11.35000000 1.36830353
11.45000000 1.32935697
11.55000000 1.29050324
11.65000000 1.25242973
11.75000000 1.21811474
11.85000000 1.17270569
11.95000000 1.13354254
12.05000000 1.09056361
12.15000000 1.06984543
12.25000000 1.01635058
12.35000000 0.98574950
12.45000000 0.94703557
12.55000000 0.90416597
12.65000000 0.84053847
12.75000000 0.81764487
12.85000000 0.77042484
12.95000000 0.72343833
13.05000000 0.67254754
13.15000000 0.63124525
13.25000000 0.58927753
13.35000000 0.52955414
13.45000000 0.49115956
13.55000000 0.44532203
13.65000000 0.40027725
13.75000000 0.35558884
13.85000000 0.32473794
13.95000000 0.29652430
14.05000000 0.27375262
14.15000000 0.25185430
14.25000000 0.21689280
14.35000000 0.18763508
14.45000000 0.16431536
14.55000000 0.15153736
14.65000000 0.12811163
14.75000000 0.11392620
14.85000000 0.10282818
14.95000000 0.08729019
110
4.05000000 25.04772057
4.15000000 20.61774224
4.25000000 17.68491932
4.35000000 15.12323087
4.45000000 13.06339861
4.55000000 11.33255087
4.65000000 9.93135132
4.75000000 8.66906160
4.85000000 7.67782496
4.95000000 6.89423494
5.05000000 6.34656863
5.15000000 5.91498022
5.25000000 5.60786442
5.35000000 5.41695056
5.45000000 5.32409163
5.55000000 5.27807831
5.65000000 5.22102733
5.75000000 5.22913750
5.85000000 5.20989902
5.95000000 5.21033992
6.05000000 5.17702225
6.15000000 5.16294644
6.25000000 5.12267975
6.35000000 5.08109239
6.45000000 5.03006362
6.55000000 4.96469288
6.65000000 4.84714345
6.75000000 4.68513738
6.85000000 4.53107959
6.95000000 4.34506139
7.05000000 4.14250089
7.15000000 3.96848703
7.25000000 3.80458964
7.35000000 3.66553507
7.45000000 3.48966898
7.55000000 3.37813264
7.65000000 3.22492901
7.75000000 3.09277892
7.85000000 2.97380891
7.95000000 2.88843497
8.05000000 2.76632544
8.15000000 2.66806725
8.25000000 2.59410718
8.35000000 2.51273485
8.45000000 2.44436605
8.55000000 2.39025548
8.65000000 2.32034951
8.75000000 2.26510896
8.85000000 2.17902061
8.95000000 2.13372130
9.05000000 2.08717016
9.15000000 2.06794276
9.25000000 2.03416674
9.35000000 2.00155809
9.45000000 1.95446670
9.55000000 1.92192502
9.65000000 1.91556275
9.75000000 1.88803915
9.85000000 1.85227776
9.95000000 1.81874723
10.05000000 1.80713474
10.15000000 1.77100066
10.25000000 1.72141903
10.35000000 1.69998918
10.45000000 1.68766850
10.55000000 1.65517817
10.65000000 1.61285878
10.75000000 1.57879480
10.85000000 1.54695139
10.95000000 1.49503013
11.05000000 1.45125165
11.15000000 1.41633362
11.25000000 1.37626467
11.35000000 1.34243254
11.45000000 1.30820542
11.55000000 1.26847237
11.65000000 1.23171319
11.75000000 1.19640046
11.85000000 1.15241768
11.95000000 1.11510318
12.05000000 1.07133615
12.15000000 1.04996507
12.25000000 0.99744979
12.35000000 0.96606871
12.45000000 0.92701095
12.55000000 0.88368922
12.65000000 0.82375915
12.75000000 0.79937449
12.85000000 0.75083699
12.95000000 0.70346073
13.05000000 0.65476131
13.15000000 0.61350263
13.25000000 0.57090668
13.35000000 0.51285221
13.45000000 0.47416086
13.55000000 0.42969936
13.65000000 0.38582784
13.75000000 0.34253021
13.85000000 0.31203582
13.95000000 0.28476285
14.05000000 0.26234635
14.15000000 0.24075676
14.25000000 0.20669574
14.35000000 0.17725057
14.45000000 0.15538377
14.55000000 0.14179734
14.65000000 0.12049552
14.75000000 0.10629980
14.85000000 0.09703590
14.95000000 0.08095571
110
4.05000000 25.09416100
4.15000000 20.63291029
4.25000000 17.74557046
4.35000000 15.14728884
4.45000000 13.09673532
4.55000000 11.36988471
4.65000000 9.97219940
4.75000000 8.70960874
4.85000000 7.71794064
4.95000000 6.93401089
5.05000000 6.38681893
5.15000000 5.96072726
5.25000000 5.64952613
5.35000000 5.45923823
5.45000000 5.36744734
5.55000000 5.32439227
5.65000000 5.26961317
5.75000000 5.27462828
5.85000000 5.25884604
5.95000000 5.25991173
6.05000000 5.22831730
6.15000000 5.21215824
6.25000000 5.17214773
6.35000000 5.12904507
6.45000000 5.07850969
6.55000000 5.01045428
6.65000000 4.89769411
6.75000000 4.73277474
6.85000000 4.57797448
6.95000000 4.39045754
7.05000000 4.18635597
7.15000000 4.01422819
7.25000000 3.85034887
7.35000000 3.70696723
7.45000000 3.53735859
7.55000000 3.41675471
7.65000000 3.26758471
7.75000000 3.13299666
7.85000000 3.01203342
7.95000000 2.92478270
8.05000000 2.80517563
8.15000000 2.70445906
8.25000000 2.62804695
8.35000000 2.54294679
8.45000000 2.47391534
8.55000000 2.41873203
8.65000000 2.34765496
8.75000000 2.28912656
8.85000000 2.20347234
8.95000000 2.15675195
9.05000000 2.10452432
9.15000000 2.08705684
9.25000000 2.05236849
9.35000000 2.01907054
9.45000000 1.97150600
9.55000000 1.93824140
9.65000000 1.92754278
9.75000000 1.90192014
9.85000000 1.86490562
9.95000000 1.83015996
10.05000000 1.81658598
10.15000000 1.78180143
10.25000000 1.73079414
10.35000000 1.70965288
10.45000000 1.69836942
10.55000000 1.66663355
10.65000000 1.62209859
10.75000000 1.58851259
10.85000000 1.55280389
10.95000000 1.50458445
11.05000000 1.45944510
11.15000000 1.42568677
11.25000000 1.38711408
11.35000000 1.35288914
11.45000000 1.31873906
11.55000000 1.28033566
11.65000000 1.24416657
11.75000000 1.20873550
11.85000000 1.16520025
11.95000000 1.12543530
12.05000000 1.08530852
12.15000000 1.06055195
12.25000000 1.00476916
12.35000000 0.97760999
12.45000000 0.93879852
12.55000000 0.89355486
12.65000000 0.82915572
12.75000000 0.80637816
12.85000000 0.75733961
12.95000000 0.70978384
13.05000000 0.66241228
13.15000000 0.61934611
13.25000000 0.57988192
13.35000000 0.52158875
13.45000000 0.48244437
13.55000000 0.43855550
13.65000000 0.39421830
13.75000000 0.35327438
13.85000000 0.32086309
13.95000000 0.29329057
14.05000000 0.26958762
14.15000000 0.24764493
14.25000000 0.21356594
14.35000000 0.18297218
14.45000000 0.16227686
14.55000000 0.14714223
14.65000000 0.12591031
14.75000000 0.11054834
14.85000000 0.10171592
14.95000000 0.08415362
110
4.05000000 25.07573875
4.15000000 20.57990098
4.25000000 17.70130079
4.35000000 15.13089292
4.45000000 13.08977087
4.55000000 11.35926667
4.65000000 9.95705186
4.75000000 8.69897348
4.85000000 7.70839044
4.95000000 6.92550002
5.05000000 6.37785880
5.15000000 5.95242267
5.25000000 5.64164068
5.35000000 5.45614356
5.45000000 5.36103200
5.55000000 5.31658695
5.65000000 5.26187059
5.75000000 5.26718935
5.85000000 5.25261165
5.95000000 5.25245443
6.05000000 5.22317271
6.15000000 5.20587978
6.25000000 5.16954010
6.35000000 5.12649824
6.45000000 5.07374228
6.55000000 5.01170158
6.65000000 4.89381588
6.75000000 4.73026729
6.85000000 4.57571770
6.95000000 4.38911316
7.05000000 4.18427429
7.15000000 4.00688437
7.25000000 3.84476664
7.35000000 3.70127576
7.45000000 3.52984252
7.55000000 3.40533753
7.65000000 3.26024886
7.75000000 3.12494589
7.85000000 3.00312088
7.95000000 2.91423345
8.05000000 2.79557107
8.15000000 2.69335662
8.25000000 2.61501978
8.35000000 2.53397343
8.45000000 2.46349237
8.55000000 2.40873521
8.65000000 2.33764913
8.75000000 2.28048157
8.85000000 2.19598765
8.95000000 2.14957373
9.05000000 2.09793359
9.15000000 2.08048808
9.25000000 2.04346103
9.35000000 2.01258158
9.45000000 1.96272382
9.55000000 1.92915548
9.65000000 1.91934775
9.75000000 1.89382283
9.85000000 1.85468917
9.95000000 1.82127483
10.05000000 1.80673812
10.15000000 1.77261160
10.25000000 1.72303905
10.35000000 1.70105422
10.45000000 1.68855017
10.55000000 1.65892601
10.65000000 1.61446766
10.75000000 1.58149730
10.85000000 1.54777584
10.95000000 1.49734374
11.05000000 1.45190303
11.15000000 1.41711792
11.25000000 1.37927852
11.35000000 1.34471859
11.45000000 1.30946004
11.55000000 1.27204464
11.65000000 1.23447168
11.75000000 1.20175588
11.85000000 1.15665563
11.95000000 1.11653980
12.05000000 1.07733634
12.15000000 1.05165303
12.25000000 0.99851442
12.35000000 0.96836140
12.45000000 0.92858534
12.55000000 0.88438355
12.65000000 0.82263984
12.75000000 0.79849429
12.85000000 0.75418525
12.95000000 0.70568805
13.05000000 0.65884365
13.15000000 0.61672118
13.25000000 0.57689031
13.35000000 0.52066844
13.45000000 0.48095044
13.55000000 0.43861238
13.65000000 0.39489437
13.75000000 0.35346148
13.85000000 0.32020431
13.95000000 0.29349630
14.05000000 0.27044362
14.15000000 0.24931142
14.25000000 0.21651700
14.35000000 0.18594176
14.45000000 0.16390281
14.55000000 0.14958998
14.65000000 0.12856640
14.75000000 0.11332769
14.85000000 0.10419329
14.95000000 0.08657651
110
4.05000000 25.20241239
4.15000000 20.64098692
4.25000000 17.77131528
4.35000000 15.20579515
4.45000000 13.16306494
4.55000000 11.43067242
4.65000000 10.02879968
4.75000000 8.77248311
4.85000000 7.77703476
4.95000000 6.99274606
5.05000000 6.44399608
5.15000000 6.01809912
5.25000000 5.70555134
5.35000000 5.52076907
5.45000000 5.42521318
5.55000000 5.37900370
5.65000000 5.32259754
5.75000000 5.32573288
5.85000000 5.30829623
5.95000000 5.30603396
6.05000000 5.27538187
6.15000000 5.25593665
6.25000000 5.21622775
6.35000000 5.16932357
6.45000000 5.11475146
6.55000000 5.05263471
6.65000000 4.92892715
6.75000000 4.76756215
6.85000000 4.60965815
6.95000000 4.42211873
7.05000000 4.21807580
7.15000000 4.03717785
7.25000000 3.87495990
7.35000000 3.72720507
7.45000000 3.55572072
7.55000000 3.43047642
7.65000000 3.28248797
7.75000000 3.14680640
7.85000000 3.02616874
7.95000000 2.93454253
8.05000000 2.81661218
8.15000000 2.71259500
8.25000000 2.63388970
8.35000000 2.55394696
8.45000000 2.48271169
8.55000000 2.42608125
8.65000000 2.35888352
8.75000000 2.29849311
8.85000000 2.21482370
8.95000000 2.16693151
9.05000000 2.11365198
9.15000000 2.09487423
9.25000000 2.05712109
9.35000000 2.02669328
9.45000000 1.97514459
9.55000000 1.94266444
9.65000000 1.93124320
9.75000000 1.90718912
9.85000000 1.86688841
9.95000000 1.83043794
10.05000000 1.81551293
10.15000000 1.78113126
10.25000000 1.73189332
10.35000000 1.70787534
10.45000000 1.69472166
10.55000000 1.66339999
10.65000000 1.61825087
10.75000000 1.58547511
10.85000000 1.55503353
10.95000000 1.50410881
11.05000000 1.45729041
11.15000000 1.42010365
11.25000000 1.38326939
11.35000000 1.34682179
11.45000000 1.31066314
11.55000000 1.27496010
11.65000000 1.23721447
11.75000000 1.20460271
11.85000000 1.15908598
11.95000000 1.11974446
12.05000000 1.08078384
12.15000000 1.05562900
12.25000000 1.00187019
12.35000000 0.97294882
12.45000000 0.93230333
12.55000000 0.88678741
12.65000000 0.82659048
12.75000000 0.80214933
12.85000000 0.75948863
12.95000000 0.71015674
13.05000000 0.66254869
13.15000000 0.62112047
13.25000000 0.58159355
13.35000000 0.52613764
13.45000000 0.48584754
13.55000000 0.44512977
13.65000000 0.39890763
13.75000000 0.35948011
13.85000000 0.32643910
13.95000000 0.30046387
14.05000000 0.27838565
14.15000000 0.25673968
14.25000000 0.22380327
14.35000000 0.19267268
14.45000000 0.17218533
14.55000000 0.15618930
14.65000000 0.13535109
14.75000000 0.11890193
14.85000000 0.10998259
14.95000000 0.09111710
110
4.05000000 25.06199933
4.15000000 20.58274852
4.25000000 17.69829667
4.35000000 15.12781198
4.45000000 13.08179106
4.55000000 11.35531694
4.65000000 9.95780184
4.75000000 8.69942371
4.85000000 7.70526464
4.95000000 6.92691654
5.05000000 6.38223473
5.15000000 5.95404577
5.25000000 5.64570579
5.35000000 5.46198241
5.45000000 5.36724653
5.55000000 5.32022363
5.65000000 5.26385607
5.75000000 5.27080815
5.85000000 5.25359362
5.95000000 5.24976233
6.05000000 5.22572026
6.15000000 5.20614893
6.25000000 5.17136636
6.35000000 5.12502170
6.45000000 5.07012012
6.55000000 5.00841981
6.65000000 4.88213186
6.75000000 4.72531165
6.85000000 4.56803281
6.95000000 4.38242072
7.05000000 4.18018709
7.15000000 3.99831480
7.25000000 3.83813562
7.35000000 3.69227490
7.45000000 3.51874352
7.55000000 3.39574191
7.65000000 3.25048611
7.75000000 3.11610622
7.85000000 2.99454249
7.95000000 2.90324714
8.05000000 2.78426907
8.15000000 2.67939918
8.25000000 2.60219494
8.35000000 2.52236291
8.45000000 2.45165058
8.55000000 2.39553101
8.65000000 2.32957641
8.75000000 2.26753148
8.85000000 2.18549311
8.95000000 2.13719393
9.05000000 2.08558916
9.15000000 2.06653934
9.25000000 2.02954152
9.35000000 1.99809194
9.45000000 1.94646272
9.55000000 1.91541876
9.65000000 1.90645899
9.75000000 1.88090282
9.85000000 1.84186404
9.95000000 1.80581562
10.05000000 1.79053095
10.15000000 1.75920178
10.25000000 1.70826921
10.35000000 1.68325201
10.45000000 1.67159688
10.55000000 1.64183166
10.65000000 1.59540237
10.75000000 1.56281035
10.85000000 1.53229751
10.95000000 1.48305447
11.05000000 1.43690346
11.15000000 1.40099720
11.25000000 1.36412460
11.35000000 1.33114531
11.45000000 1.29418747
11.55000000 1.25972734
11.65000000 1.22268174
11.75000000 1.18985355
11.85000000 1.14562297
11.95000000 1.10770733
12.05000000 1.06862157
12.15000000 1.04306344
12.25000000 0.98898111
12.35000000 0.95986459
12.45000000 0.92009403
12.55000000 0.87604053
12.65000000 0.81690412
12.75000000 0.79175850
12.85000000 0.75152523
12.95000000 0.70144903
13.05000000 0.65424248
13.15000000 0.61240937
13.25000000 0.57409838
13.35000000 0.51933316
13.45000000 0.47839626
13.55000000 0.43862595
13.65000000 0.39113833
13.75000000 0.35273704
13.85000000 0.31962103
13.95000000 0.29409274
14.05000000 0.27279934
14.15000000 0.25035252
14.25000000 0.21823276
14.35000000 0.18873568
14.45000000 0.16878408
14.55000000 0.15225858
14.65000000 0.13307054
14.75000000 0.11648047
14.85000000 0.10669816
14.95000000 0.08907485
110
4.05000000 24.99391997
4.15000000 20.51645755
4.25000000 17.65576931
4.35000000 15.09941563
4.45000000 13.03623573
4.55000000 11.31432837
4.65000000 9.90920863
4.75000000 8.65588018
4.85000000 7.65940986
4.95000000 6.88329059
5.05000000 6.33777308
5.15000000 5.90881213
5.25000000 5.59903145
5.35000000 5.41517132
5.45000000 5.32125529
5.55000000 5.27542252
5.65000000 5.22362809
5.75000000 5.23245964
5.85000000 5.21466221
5.95000000 5.21349659
6.05000000 5.19065319
6.15000000 5.17175686
6.25000000 5.13687657
6.35000000 5.09165970
6.45000000 5.03663522
6.55000000 4.97947561
6.65000000 4.85353540
6.75000000 4.69754176
6.85000000 4.54563119
6.95000000 4.36428754
7.05000000 4.15782302
7.15000000 3.97978464
7.25000000 3.82329031
7.35000000 3.67530361
7.45000000 3.50389089
7.55000000 3.37941660
7.65000000 3.23670145
7.75000000 3.10177073
7.85000000 2.98100736
7.95000000 2.88738430
8.05000000 2.77064149
8.15000000 2.66568893
8.25000000 2.58832046
8.35000000 2.51147228
8.45000000 2.43956100
8.55000000 2.38342761
8.65000000 2.31612140
8.75000000 2.25736730
8.85000000 2.17302798
8.95000000 2.12357303
9.05000000 2.07385668
9.15000000 2.05529531
9.25000000 2.01955052
9.35000000 1.98972127
9.45000000 1.93911304
9.55000000 1.90806898
9.65000000 1.89947090
9.75000000 1.87665170
9.85000000 1.83854860
9.95000000 1.80045034
10.05000000 1.78795546
10.15000000 1.75654290
10.25000000 1.70582052
10.35000000 1.68325343
10.45000000 1.67167582
10.55000000 1.64298161
10.65000000 1.59927721
10.75000000 1.56589399
10.85000000 1.53597980
10.95000000 1.48796330
11.05000000 1.44364514
11.15000000 1.40887907
11.25000000 1.37278218
11.35000000 1.34044676
11.45000000 1.30331341
11.55000000 1.26948572
11.65000000 1.23223616
11.75000000 1.20006992
11.85000000 1.15547158
11.95000000 1.11868456
12.05000000 1.08066198
12.15000000 1.05735619
12.25000000 1.00425203
12.35000000 0.97609555
12.45000000 0.93622231
12.55000000 0.89231876
12.65000000 0.83315578
12.75000000 0.80797255
12.85000000 0.76762298
12.95000000 0.71837612
13.05000000 0.66963230
13.15000000 0.62579295
13.25000000 0.58651647
13.35000000 0.53276673
13.45000000 0.49079357
13.55000000 0.44951878
13.65000000 0.40252588
13.75000000 0.36346785
13.85000000 0.32949834
13.95000000 0.30372977
14.05000000 0.28128835
14.15000000 0.25860173
14.25000000 0.22569305
14.35000000 0.19694125
14.45000000 0.17551260
14.55000000 0.15940178
14.65000000 0.13926172
14.75000000 0.12243833
14.85000000 0.11241369
14.95000000 0.09388701
110
4.05000000 25.13189203
4.15000000 20.58574365
4.25000000 17.73026876
4.35000000 15.18007335
4.45000000 13.11065605
4.55000000 11.39258310
4.65000000 9.98121563
4.75000000 8.72989805
4.85000000 7.73490521
4.95000000 6.95621154
5.05000000 6.41449769
5.15000000 5.98681160
5.25000000 5.67329473
5.35000000 5.49306046
5.45000000 5.39633849
5.55000000 5.34885158
5.65000000 5.29453667
5.75000000 5.30071852
5.85000000 5.28614865
5.95000000 5.28360398
6.05000000 5.25988486
6.15000000 5.24226389
6.25000000 5.20611136
6.35000000 5.15988369
6.45000000 5.10546270
6.55000000 5.04579659
6.65000000 4.91961283
6.75000000 4.76067299
6.85000000 4.60635284
6.95000000 4.42379209
7.05000000 4.21903159
7.15000000 4.03923483
7.25000000 3.88121557
7.35000000 3.73024384
7.45000000 3.55903046
7.55000000 3.43270310
7.65000000 3.28728635
7.75000000 3.14939897
7.85000000 3.03005909
7.95000000 2.93607144
8.05000000 2.81613382
8.15000000 2.71061639
8.25000000 2.63243641
8.35000000 2.55310452
8.45000000 2.48269235
8.55000000 2.42453573
8.65000000 2.35726764
8.75000000 2.29643895
8.85000000 2.21315867
8.95000000 2.16242583
9.05000000 2.11221380
9.15000000 2.09264463
9.25000000 2.05453564
9.35000000 2.02108225
9.45000000 1.97073995
9.55000000 1.93928489
9.65000000 1.92769080
9.75000000 1.90316485
9.85000000 1.86602997
9.95000000 1.82573174
10.05000000 1.81357058
10.15000000 1.78131114
10.25000000 1.72989765
10.35000000 1.70361389
10.45000000 1.69088459
10.55000000 1.66174625
10.65000000 1.61693744
10.75000000 1.58137413
10.85000000 1.55095359
10.95000000 1.50122004
11.05000000 1.45894757
11.15000000 1.42124220
11.25000000 1.38590033
11.35000000 1.35158896
11.45000000 1.31456085
11.55000000 1.27782515
11.65000000 1.24006586
11.75000000 1.20661797
11.85000000 1.16292103
11.95000000 1.12230749
12.05000000 1.08589328
12.15000000 1.06113634
12.25000000 1.00614160
12.35000000 0.97832921
12.45000000 0.93745940
12.55000000 0.89270539
12.65000000 0.83199449
12.75000000 0.80849259
12.85000000 0.76686434
12.95000000 0.71646772
13.05000000 0.66837004
13.15000000 0.62652818
13.25000000 0.58759343
13.35000000 0.53293492
13.45000000 0.49030011
13.55000000 0.44972753
13.65000000 0.40320398
13.75000000 0.36397143
13.85000000 0.33206538
13.95000000 0.30517339
14.05000000 0.28271210
14.15000000 0.26001085
14.25000000 0.22757255
14.35000000 0.19671065
14.45000000 0.17514101
14.55000000 0.15794125
14.65000000 0.13795385
14.75000000 0.11958106
14.85000000 0.11169430
14.95000000 0.09197782
110
4.05000000 25.09199267
4.15000000 20.60121039
4.25000000 17.73725409
4.35000000 15.18244505
4.45000000 13.10767698
4.55000000 11.39263855
4.65000000 9.97770850
4.75000000 8.72595889
4.85000000 7.72824424
4.95000000 6.95281949
5.05000000 6.41025820
5.15000000 5.98346423
5.25000000 5.66805820
5.35000000 5.48771206
5.45000000 5.39163303
5.55000000 5.34369430
5.65000000 5.29111464
5.75000000 5.29360715
5.85000000 5.28153703
5.95000000 5.28008818
6.05000000 5.25634116
6.15000000 5.23543275
6.25000000 5.20131572
6.35000000 5.15177917
6.45000000 5.09955456
6.55000000 5.03938402
6.65000000 4.91543010
6.75000000 4.75694108
6.85000000 4.60338107
6.95000000 4.42136616
7.05000000 4.21628355
7.15000000 4.03891811
7.25000000 3.88169575
7.35000000 3.72584563
7.45000000 3.55608568
7.55000000 3.43035898
7.65000000 3.28667427
7.75000000 3.14929915
7.85000000 3.03164185
7.95000000 2.93765155
8.05000000 2.81643916
8.15000000 2.71384400
8.25000000 2.63574454
8.35000000 2.55695571
8.45000000 2.48558222
8.55000000 2.42544300
8.65000000 2.35876199
8.75000000 2.29953281
8.85000000 2.21350972
8.95000000 2.16464637
9.05000000 2.11266387
9.15000000 2.09294275
9.25000000 2.05476409
9.35000000 2.02207701
9.45000000 1.97150348
9.55000000 1.94048699
9.65000000 1.92905968
9.75000000 1.90491524
9.85000000 1.86779918
9.95000000 1.82817354
10.05000000 1.81904709
10.15000000 1.78328395
10.25000000 1.73429597
10.35000000 1.70724724
10.45000000 1.69546103
10.55000000 1.66562280
10.65000000 1.62133700
10.75000000 1.58822494
10.85000000 1.55354751
10.95000000 1.50540706
11.05000000 1.46204947
11.15000000 1.42488588
11.25000000 1.39025307
11.35000000 1.35601054
11.45000000 1.31909303
11.55000000 1.28122195
11.65000000 1.24137860
11.75000000 1.20932790
11.85000000 1.16603441
11.95000000 1.12462717
12.05000000 1.08685748
12.15000000 1.06325307
12.25000000 1.00679969
12.35000000 0.97862997
12.45000000 0.93560221
12.55000000 0.89229646
12.65000000 0.83204421
12.75000000 0.80731946
12.85000000 0.76544399
12.95000000 0.71316948
13.05000000 0.66452379
13.15000000 0.62117540
13.25000000 0.58147747
13.35000000 0.52687665
13.45000000 0.48341111
13.55000000 0.44414081
13.65000000 0.39630341
13.75000000 0.35634702
13.85000000 0.32432637
13.95000000 0.29590403
14.05000000 0.27384301
14.15000000 0.25170290
14.25000000 0.21890100
14.35000000 0.18862748
14.45000000 0.16695138
14.55000000 0.15019391
14.65000000 0.12909213
14.75000000 0.11194149
14.85000000 0.10449681
14.95000000 0.08566499
110
4.05000000 25.12000707
4.15000000 20.67497128
4.25000000 17.79860393
4.35000000 15.24030099
4.45000000 13.17164783
4.55000000 11.45995830
4.65000000 10.04144463
4.75000000 8.78548445
4.85000000 7.78999840
4.95000000 7.01298547
5.05000000 6.46971712
5.15000000 6.04159317
5.25000000 5.72675271
5.35000000 5.54548817
5.45000000 5.44548827
5.55000000 5.39755291
5.65000000 5.34280703
5.75000000 5.34450749
5.85000000 5.33199090
5.95000000 5.32832180
6.05000000 5.30063950
6.15000000 5.28220929
6.25000000 5.24279160
6.35000000 5.19149282
6.45000000 5.13656918
6.55000000 5.07942914
6.65000000 4.94885345
6.75000000 4.79255969
6.85000000 4.63891111
6.95000000 4.45251447
7.05000000 4.24626218
7.15000000 4.06780181
7.25000000 3.91395327
7.35000000 3.75846502
7.45000000 3.58947422
7.55000000 3.46362923
7.65000000 3.32016778
7.75000000 3.18514547
7.85000000 3.06678011
7.95000000 2.97421031
8.05000000 2.85363933
8.15000000 2.74950824
8.25000000 2.67046948
8.35000000 2.59314914
8.45000000 2.51865372
8.55000000 2.45867968
8.65000000 2.39106297
8.75000000 2.32839216
8.85000000 2.24570736
8.95000000 2.19614694
9.05000000 2.14225389
9.15000000 2.12076203
9.25000000 2.08178048
9.35000000 2.04804419
9.45000000 1.99863629
9.55000000 1.96791332
9.65000000 1.95381124
9.75000000 1.92932028
9.85000000 1.89345562
9.95000000 1.85304569
10.05000000 1.84027893
10.15000000 1.80454433
10.25000000 1.75606523
10.35000000 1.72783378
10.45000000 1.71741261
10.55000000 1.68532054
10.65000000 1.63909848
10.75000000 1.60582812
10.85000000 1.57129769
10.95000000 1.52057217
11.05000000 1.47874767
11.15000000 1.44069396
11.25000000 1.40645686
11.35000000 1.37085829
11.45000000 1.33329305
11.55000000 1.29609535
11.65000000 1.25752817
11.75000000 1.22488989
11.85000000 1.18104688
11.95000000 1.13923499
12.05000000 1.10207427
12.15000000 1.08006841
12.25000000 1.02149891
12.35000000 0.99316282
12.45000000 0.95092116
12.55000000 0.90651470
12.65000000 0.84572657
12.75000000 0.81920725
12.85000000 0.78005906
12.95000000 0.72659890
13.05000000 0.67709101
13.15000000 0.63348647
13.25000000 0.59282179
13.35000000 0.53783917
13.45000000 0.49633801
13.55000000 0.45496913
13.65000000 0.40522197
13.75000000 0.36629476
13.85000000 0.33194674
13.95000000 0.30412202
14.05000000 0.28027675
14.15000000 0.25776413
14.25000000 0.22418862
14.35000000 0.19309756
14.45000000 0.17118623
14.55000000 0.15322816
14.65000000 0.13409829
14.75000000 0.11655093
14.85000000 0.10796521
14.95000000 0.09027922
110
4.05000000 25.01281698
4.15000000 20.61547459
4.25000000 17.72386165
4.35000000 15.16701167
4.45000000 13.09858487
4.55000000 11.38408218
4.65000000 9.96667993
4.75000000 8.71203573
4.85000000 7.71801253
4.95000000 6.93916840
5.05000000 6.39824265
5.15000000 5.97208052
5.25000000 5.65876001
5.35000000 5.47868034
5.45000000 5.38326180
5.55000000 5.33841351
5.65000000 5.28717582
5.75000000 5.29001035
5.85000000 5.27884981
5.95000000 5.27812938
6.05000000 5.25072070
6.15000000 5.23291906
6.25000000 5.19644629
6.35000000 5.14361514
6.45000000 5.09230423
6.55000000 5.03516965
6.65000000 4.91084639
6.75000000 4.75437445
6.85000000 4.60293590
6.95000000 4.41429024
7.05000000 4.21374570
7.15000000 4.03365935
7.25000000 3.88414699
7.35000000 3.72957825
7.45000000 3.56287598
7.55000000 3.44141683
7.65000000 3.30069285
7.75000000 3.16832278
7.85000000 3.05406475
7.95000000 2.96176442
8.05000000 2.84731269
8.15000000 2.74501847
8.25000000 2.66728039
8.35000000 2.59243769
8.45000000 2.51863273
8.55000000 2.45988917
8.65000000 2.39478610
8.75000000 2.33390767
8.85000000 2.25172465
8.95000000 2.20611198
9.05000000 2.15344993
9.15000000 2.13270539
9.25000000 2.09165724
9.35000000 2.05960959
9.45000000 2.01219469
9.55000000 1.98046146
9.65000000 1.96610619
9.75000000 1.94272524
9.85000000 1.90858816
9.95000000 1.86906077
10.05000000 1.85442464
10.15000000 1.81982526
10.25000000 1.77148490
10.35000000 1.74408672
10.45000000 1.73365300
10.55000000 1.70195262
10.65000000 1.65626119
10.75000000 1.62185595
10.85000000 1.58903067
10.95000000 1.53718907
11.05000000 1.49660493
11.15000000 1.45875890
11.25000000 1.42229559
11.35000000 1.38735161
11.45000000 1.35039384
11.55000000 1.31334787
11.65000000 1.27399383
11.75000000 1.24203954
11.85000000 1.19805553
11.95000000 1.15674564
12.05000000 1.11854706
12.15000000 1.09432930
12.25000000 1.03699487
12.35000000 1.00772506
12.45000000 0.96416696
12.55000000 0.91992838
12.65000000 0.85926107
12.75000000 0.83192574
12.85000000 0.79112786
12.95000000 0.73722862
13.05000000 0.68655069
13.15000000 0.64342224
13.25000000 0.60216473
13.35000000 0.54665254
13.45000000 0.50432086
13.55000000 0.46305937
13.65000000 0.41280652
13.75000000 0.37422352
13.85000000 0.34106099
13.95000000 0.31310350
14.05000000 0.28746170
14.15000000 0.26551281
14.25000000 0.23079926
14.35000000 0.19941011
14.45000000 0.17851542
14.55000000 0.16004522
14.65000000 0.14059134
14.75000000 0.12277457
14.85000000 0.11322221
14.95000000 0.09524495
110
4.05000000 24.91601813
4.15000000 20.54507013
4.25000000 17.62275151
4.35000000 15.07960091
4.45000000 13.00689391
4.55000000 11.28702671
4.65000000 9.87466088
4.75000000 8.62482873
4.85000000 7.62911065
4.95000000 6.85021080
5.05000000 6.30980293
5.15000000 5.88465274
5.25000000 5.57130131
5.35000000 5.39678985
5.45000000 5.30183853
5.55000000 5.25741342
5.65000000 5.20634371
5.75000000 5.21058158
5.85000000 5.20073197
5.95000000 5.20166553
6.05000000 5.17823361
6.15000000 5.16149123
6.25000000 5.12818079
6.35000000 5.07641435
6.45000000 5.02750353
6.55000000 4.97227780
6.65000000 4.85098505
6.75000000 4.69456393
6.85000000 4.54838509
6.95000000 4.36267390
7.05000000 4.16114676
7.15000000 3.98633288
7.25000000 3.83806465
7.35000000 3.68631841
7.45000000 3.52395091
7.55000000 3.40585611
7.65000000 3.26366862
7.75000000 3.13035168
7.85000000 3.01843080
7.95000000 2.92771686
8.05000000 2.81347623
8.15000000 2.71050025
8.25000000 2.63599901
8.35000000 2.56049349
8.45000000 2.48684559
8.55000000 2.43257167
8.65000000 2.37144362
8.75000000 2.31203956
8.85000000 2.23011059
8.95000000 2.18650084
9.05000000 2.13511885
9.15000000 2.11542467
9.25000000 2.07914758
9.35000000 2.04937039
9.45000000 2.00205827
9.55000000 1.97110722
9.65000000 1.95868514
9.75000000 1.93546637
9.85000000 1.90092761
9.95000000 1.86696805
10.05000000 1.84881995
10.15000000 1.81752223
10.25000000 1.76782828
10.35000000 1.74198608
10.45000000 1.73240784
10.55000000 1.70103927
10.65000000 1.65354973
10.75000000 1.62129789
10.85000000 1.58634561
10.95000000 1.53568438
11.05000000 1.49275033
11.15000000 1.45524100
11.25000000 1.41894188
11.35000000 1.38413794
11.45000000 1.34799126
11.55000000 1.31036872
11.65000000 1.27086595
11.75000000 1.23788258
11.85000000 1.19311126
11.95000000 1.15269469
12.05000000 1.11375197
12.15000000 1.09059693
12.25000000 1.03579115
12.35000000 1.00676927
12.45000000 0.96159171
12.55000000 0.92167128
12.65000000 0.85954069
12.75000000 0.83283314
12.85000000 0.79255646
12.95000000 0.73932772
13.05000000 0.68983007
13.15000000 0.64522871
13.25000000 0.60400424
13.35000000 0.54691652
13.45000000 0.50299284
13.55000000 0.46335830
13.65000000 0.41073757
13.75000000 0.37337867
13.85000000 0.33751024
13.95000000 0.30891246
14.05000000 0.28311429
14.15000000 0.26039133
14.25000000 0.22566925
14.35000000 0.19346728
14.45000000 0.17280928
14.55000000 0.15359459
14.65000000 0.13282149
14.75000000 0.11744203
14.85000000 0.10798279
14.95000000 0.08913122
110
4.05000000 24.82102453
4.15000000 20.51784762
4.25000000 17.55819520
4.35000000 15.01331445
4.45000000 12.93527923
4.55000000 11.22395814
4.65000000 9.81690350
4.75000000 8.56862062
4.85000000 7.57263891
4.95000000 6.79504270
5.05000000 6.25622420
5.15000000 5.83094134
5.25000000 5.51898490
5.35000000 5.34470415
5.45000000 5.25416501
5.55000000 5.21007168
5.65000000 5.16048155
5.75000000 5.16757282
5.85000000 5.16136021
5.95000000 5.16276977
6.05000000 5.14015888
6.15000000 5.12312145
6.25000000 5.08965398
6.35000000 5.03946295
6.45000000 4.98961179
6.55000000 4.93556650
6.65000000 4.81388603
6.75000000 4.66227446
6.85000000 4.51198117
6.95000000 4.33167300
7.05000000 4.12782739
7.15000000 3.95285283
7.25000000 3.80607363
7.35000000 3.65327810
7.45000000 3.49343496
7.55000000 3.37572035
7.65000000 3.23271827
7.75000000 3.10192645
7.85000000 2.99001229
7.95000000 2.90071567
8.05000000 2.78668424
8.15000000 2.68650460
8.25000000 2.61170200
8.35000000 2.53799076
8.45000000 2.46226873
8.55000000 2.40999242
8.65000000 2.34906311
8.75000000 2.29270650
8.85000000 2.21015098
8.95000000 2.16892953
9.05000000 2.11595657
9.15000000 2.09868055
9.25000000 2.06354617
9.35000000 2.03305075
9.45000000 1.98672327
9.55000000 1.95642076
9.65000000 1.94490811
9.75000000 1.92145252
9.85000000 1.88696036
9.95000000 1.85163124
10.05000000 1.83503154
10.15000000 1.80438870
10.25000000 1.75591488
10.35000000 1.73021828
10.45000000 1.72012979
10.55000000 1.69167982
10.65000000 1.64585125
10.75000000 1.61185672
10.85000000 1.57990942
10.95000000 1.53148809
11.05000000 1.48969588
11.15000000 1.45038640
11.25000000 1.41589028
11.35000000 1.38258970
11.45000000 1.34646404
11.55000000 1.31072133
11.65000000 1.27381643
11.75000000 1.24168874
11.85000000 1.19584012
11.95000000 1.15670377
12.05000000 1.11819987
12.15000000 1.09396004
12.25000000 1.04096362
12.35000000 1.01346239
12.45000000 0.96860587
12.55000000 0.92828620
12.65000000 0.86781429
12.75000000 0.84133736
12.85000000 0.79914138
12.95000000 0.74679259
13.05000000 0.69720205
13.15000000 0.65149217
13.25000000 0.61062492
13.35000000 0.55351950
13.45000000 0.51160871
13.55000000 0.47163138
13.65000000 0.41806004
13.75000000 0.38152198
13.85000000 0.34645342
13.95000000 0.31856013
14.05000000 0.29235285
14.15000000 0.26838985
14.25000000 0.23463506
14.35000000 0.20165448
14.45000000 0.18121789
14.55000000 0.16069167
14.65000000 0.14115960
14.75000000 0.12359993
14.85000000 0.11415077
14.95000000 0.09570323
