 40
105
3.55000000 8.22535566
3.65000000 5.00853478
3.75000000 2.80642182
3.85000000 1.33432967
3.95000000 0.28603209
4.05000000 -0.54085175
4.15000000 -1.18733140
4.25000000 -1.66074180
4.35000000 -2.00763469
4.45000000 -2.22831090
4.55000000 -2.34416904
4.65000000 -2.39788494
4.75000000 -2.40015807
4.85000000 -2.39840278
4.95000000 -2.38934351
5.05000000 -2.36466406
5.15000000 -2.30309013
5.25000000 -2.18910645
5.35000000 -2.00461451
5.45000000 -1.79537189
5.55000000 -1.55010021
5.65000000 -1.30145954
5.75000000 -1.04941805
5.85000000 -0.77755655
5.95000000 -0.48611749
6.05000000 -0.16618877
6.15000000 0.15034948
6.25000000 0.45357847
6.35000000 0.73824379
6.45000000 0.99445782
6.55000000 1.15061130
6.65000000 1.30498789
6.75000000 1.37667662
6.85000000 1.36948705
6.95000000 1.34145352
7.05000000 1.29783746
7.15000000 1.24193574
7.25000000 1.17767700
7.35000000 1.11373371
7.45000000 1.03883481
7.55000000 0.94808342
7.65000000 0.84126658
7.75000000 0.73423997
7.85000000 0.59903174
7.95000000 0.44220739
8.05000000 0.29174531
8.15000000 0.12916968
8.25000000 -0.03300079
8.35000000 -0.17706759
8.45000000 -0.29411054
8.55000000 -0.37471435
8.65000000 -0.41784246
8.75000000 -0.41187151
8.85000000 -0.38501922
8.95000000 -0.34261135
9.05000000 -0.28292542
9.15000000 -0.22487352
9.25000000 -0.16401240
9.35000000 -0.10910003
9.45000000 -0.03669414
9.55000000 0.02622614
9.65000000 0.10730745
9.75000000 0.18627677
9.85000000 0.27657274
9.95000000 0.34264299
10.05000000 0.40523982
10.15000000 0.44234580
10.25000000 0.46218028
10.35000000 0.45705558
10.45000000 0.42069352
10.55000000 0.37309073
10.65000000 0.29460183
10.75000000 0.20717544
10.85000000 0.13038526
10.95000000 0.06668455
11.05000000 0.02562595
11.15000000 0.03012832
11.25000000 0.08017374
11.35000000 0.15949403
11.45000000 0.25546644
11.55000000 0.34218680
11.65000000 0.40925589
11.75000000 0.45151513
11.85000000 0.45411235
11.95000000 0.43461849
12.05000000 0.38457466
12.15000000 0.31326640
12.25000000 0.23580398
12.35000000 0.15165817
12.45000000 0.07288896
12.55000000 0.00519419
12.65000000 -0.05003082
12.75000000 -0.09544311
12.85000000 -0.13616746
12.95000000 -0.16502444
13.05000000 -0.18132459
13.15000000 -0.18881928
13.25000000 -0.18868811
13.35000000 -0.18583696
13.45000000 -0.17497289
13.55000000 -0.16373791
13.65000000 -0.13665128
13.75000000 -0.11478309
13.85000000 -0.09266564
13.95000000 -0.07220879
105
3.55000000 8.39401349
3.65000000 5.40227995
3.75000000 3.17476732
3.85000000 1.68943235
3.95000000 0.60617085
4.05000000 -0.25718887
4.15000000 -0.91888421
4.25000000 -1.41417432
4.35000000 -1.77989353
4.45000000 -2.02022356
4.55000000 -2.14747533
4.65000000 -2.21892477
4.75000000 -2.23277353
4.85000000 -2.24574506
4.95000000 -2.25948714
5.05000000 -2.25299385
5.15000000 -2.20683579
5.25000000 -2.10887461
5.35000000 -1.94315962
5.45000000 -1.74141403
5.55000000 -1.51184301
5.65000000 -1.27839469
5.75000000 -1.04187298
5.85000000 -0.77435634
5.95000000 -0.50435986
6.05000000 -0.21060192
6.15000000 0.07010476
6.25000000 0.32389241
6.35000000 0.58731577
6.45000000 0.82559526
6.55000000 0.96900005
6.65000000 1.08803415
6.75000000 1.17268764
6.85000000 1.19174705
6.95000000 1.17421936
7.05000000 1.14537754
7.15000000 1.08832482
7.25000000 1.02685028
7.35000000 0.96222896
7.45000000 0.88850035
7.55000000 0.80619296
7.65000000 0.70238096
7.75000000 0.60736226
7.85000000 0.49322737
7.95000000 0.36596868
8.05000000 0.25417167
8.15000000 0.13323357
8.25000000 0.01885482
8.35000000 -0.08714238
8.45000000 -0.17245816
8.55000000 -0.23828707
8.65000000 -0.27393591
8.75000000 -0.27727012
8.85000000 -0.26768508
8.95000000 -0.25202932
9.05000000 -0.21969867
9.15000000 -0.18530679
9.25000000 -0.14933103
9.35000000 -0.11175720
9.45000000 -0.06292738
9.55000000 -0.03468985
9.65000000 0.01040332
9.75000000 0.05610649
9.85000000 0.09729811
9.95000000 0.12762586
10.05000000 0.14723762
10.15000000 0.15629171
10.25000000 0.16197896
10.35000000 0.14801352
10.45000000 0.10809703
10.55000000 0.07406541
10.65000000 0.02400611
10.75000000 -0.03088092
10.85000000 -0.07139822
10.95000000 -0.09537036
11.05000000 -0.10840016
11.15000000 -0.09175927
11.25000000 -0.04012276
11.35000000 0.03552315
11.45000000 0.11000502
11.55000000 0.18289034
11.65000000 0.23843873
11.75000000 0.25769761
11.85000000 0.26589769
11.95000000 0.25085953
12.05000000 0.20735192
12.15000000 0.16074182
12.25000000 0.11173665
12.35000000 0.05833196
12.45000000 0.01414811
12.55000000 -0.02135174
12.65000000 -0.04398543
12.75000000 -0.06006284
12.85000000 -0.07957952
12.95000000 -0.08665016
13.05000000 -0.09848419
13.15000000 -0.10328989
13.25000000 -0.11369607
13.35000000 -0.12164492
13.45000000 -0.11928397
13.55000000 -0.11794011
13.65000000 -0.10778912
13.75000000 -0.09761622
13.85000000 -0.08363846
13.95000000 -0.07167226
105
3.55000000 8.63299865
3.65000000 5.79812617
3.75000000 3.55307218
3.85000000 2.02834221
3.95000000 0.92428728
4.05000000 0.02213182
4.15000000 -0.67970213
4.25000000 -1.20586599
4.35000000 -1.59392236
4.45000000 -1.85120019
4.55000000 -2.00990702
4.65000000 -2.08923006
4.75000000 -2.12567033
4.85000000 -2.15223844
4.95000000 -2.17298039
5.05000000 -2.17877534
5.15000000 -2.14284672
5.25000000 -2.04111198
5.35000000 -1.87186725
5.45000000 -1.67220980
5.55000000 -1.43841835
5.65000000 -1.20022527
5.75000000 -0.95063513
5.85000000 -0.68143219
5.95000000 -0.41384198
6.05000000 -0.13437364
6.15000000 0.15174965
6.25000000 0.39203957
6.35000000 0.63853899
6.45000000 0.85077054
6.55000000 0.97361578
6.65000000 1.07966959
6.75000000 1.14033250
6.85000000 1.13583909
6.95000000 1.10989925
7.05000000 1.05899526
7.15000000 0.99728179
7.25000000 0.93271190
7.35000000 0.84833310
7.45000000 0.76139348
7.55000000 0.68214136
7.65000000 0.58244112
7.75000000 0.50568049
7.85000000 0.40587478
7.95000000 0.30005341
8.05000000 0.20928965
8.15000000 0.11625164
8.25000000 0.03210447
8.35000000 -0.04640988
8.45000000 -0.11164797
8.55000000 -0.16520514
8.65000000 -0.19163109
8.75000000 -0.19652883
8.85000000 -0.19893749
8.95000000 -0.19503606
9.05000000 -0.17525824
9.15000000 -0.15301368
9.25000000 -0.12883804
9.35000000 -0.10488694
9.45000000 -0.08704481
9.55000000 -0.07061963
9.65000000 -0.04888551
9.75000000 -0.03292622
9.85000000 -0.01743903
9.95000000 -0.00451840
10.05000000 -0.00362552
10.15000000 -0.01147117
10.25000000 -0.01902622
10.35000000 -0.03575457
10.45000000 -0.06849705
10.55000000 -0.09250756
10.65000000 -0.12908967
10.75000000 -0.17240358
10.85000000 -0.20197755
10.95000000 -0.22832923
11.05000000 -0.25573691
11.15000000 -0.24460316
11.25000000 -0.21173894
11.35000000 -0.14843505
11.45000000 -0.08614480
11.55000000 -0.02451428
11.65000000 0.03040422
11.75000000 0.05300096
11.85000000 0.07195535
11.95000000 0.06331787
12.05000000 0.04022966
12.15000000 0.01643847
12.25000000 -0.00660745
12.35000000 -0.03383194
12.45000000 -0.05381849
12.55000000 -0.06199013
12.65000000 -0.06722117
12.75000000 -0.06108737
12.85000000 -0.06804949
12.95000000 -0.06783257
13.05000000 -0.07179454
13.15000000 -0.07819375
13.25000000 -0.08874055
13.35000000 -0.09901118
13.45000000 -0.10522324
13.55000000 -0.10674418
13.65000000 -0.09930878
13.75000000 -0.08424589
13.85000000 -0.06487712
13.95000000 -0.04477630
105
3.55000000 8.71473759
3.65000000 6.06406023
3.75000000 3.78408618
3.85000000 2.24240167
3.95000000 1.13605235
4.05000000 0.22243223
4.15000000 -0.49067259
4.25000000 -1.03893995
4.35000000 -1.44841304
4.45000000 -1.71663818
4.55000000 -1.89234917
4.65000000 -1.97909315
4.75000000 -2.03523460
4.85000000 -2.07348001
4.95000000 -2.10694066
5.05000000 -2.12046168
5.15000000 -2.08276958
5.25000000 -1.98871449
5.35000000 -1.82120221
5.45000000 -1.61887073
5.55000000 -1.38695052
5.65000000 -1.13951804
5.75000000 -0.88936564
5.85000000 -0.62302049
5.95000000 -0.36080034
6.05000000 -0.08784246
6.15000000 0.17061498
6.25000000 0.40987546
6.35000000 0.64426289
6.45000000 0.81895644
6.55000000 0.93652795
6.65000000 1.02190660
6.75000000 1.08036976
6.85000000 1.04036544
6.95000000 1.01871816
7.05000000 0.94856404
7.15000000 0.88725879
7.25000000 0.82044944
7.35000000 0.74138597
7.45000000 0.65548420
7.55000000 0.58101776
7.65000000 0.50203416
7.75000000 0.41855583
7.85000000 0.33611787
7.95000000 0.24560634
8.05000000 0.17140106
8.15000000 0.09706949
8.25000000 0.02972615
8.35000000 -0.02474803
8.45000000 -0.07995082
8.55000000 -0.11413541
8.65000000 -0.13586016
8.75000000 -0.14034450
8.85000000 -0.13825866
8.95000000 -0.13523061
9.05000000 -0.11908020
9.15000000 -0.10736055
9.25000000 -0.09315646
9.35000000 -0.06897293
9.45000000 -0.06562715
9.55000000 -0.05496398
9.65000000 -0.05813575
9.75000000 -0.06234577
9.85000000 -0.06600577
9.95000000 -0.07657003
10.05000000 -0.08457445
10.15000000 -0.10233044
10.25000000 -0.11775306
10.35000000 -0.13540581
10.45000000 -0.16287996
10.55000000 -0.18649014
10.65000000 -0.21893435
10.75000000 -0.25853941
10.85000000 -0.28656488
10.95000000 -0.31044103
11.05000000 -0.33931410
11.15000000 -0.33546946
11.25000000 -0.31313628
11.35000000 -0.26453081
11.45000000 -0.21185274
11.55000000 -0.15542352
11.65000000 -0.09441724
11.75000000 -0.07471940
11.85000000 -0.05279829
11.95000000 -0.04758569
12.05000000 -0.05550771
12.15000000 -0.06806892
12.25000000 -0.08430532
12.35000000 -0.09587111
12.45000000 -0.09683375
12.55000000 -0.09215234
12.65000000 -0.08108805
12.75000000 -0.06069720
12.85000000 -0.06080449
12.95000000 -0.05315833
13.05000000 -0.04947493
13.15000000 -0.05632492
13.25000000 -0.06081477
13.35000000 -0.06922435
13.45000000 -0.07725155
13.55000000 -0.07770091
13.65000000 -0.07030207
13.75000000 -0.05048295
13.85000000 -0.02549097
13.95000000 -0.00542800
105
3.55000000 8.99804353
3.65000000 6.43659650
3.75000000 4.13673345
3.85000000 2.60015769
3.95000000 1.43297467
4.05000000 0.49213433
4.15000000 -0.27095643
4.25000000 -0.84984574
4.35000000 -1.30389906
4.45000000 -1.60619788
4.55000000 -1.81181067
4.65000000 -1.93220359
4.75000000 -2.01888906
4.85000000 -2.08130633
4.95000000 -2.13740105
5.05000000 -2.16173296
5.15000000 -2.14137035
5.25000000 -2.04211546
5.35000000 -1.88083608
5.45000000 -1.67099541
5.55000000 -1.42436439
5.65000000 -1.15942188
5.75000000 -0.88660426
5.85000000 -0.60219353
5.95000000 -0.30426625
6.05000000 0.00086524
6.15000000 0.27385070
6.25000000 0.55471544
6.35000000 0.79934824
6.45000000 0.99950745
6.55000000 1.12857079
6.65000000 1.21322968
6.75000000 1.26541047
6.85000000 1.22096337
6.95000000 1.17651256
7.05000000 1.10737186
7.15000000 1.02298263
7.25000000 0.93467353
7.35000000 0.82850018
7.45000000 0.73761189
7.55000000 0.64237633
7.65000000 0.54278415
7.75000000 0.45751341
7.85000000 0.36549534
7.95000000 0.27483587
8.05000000 0.19464733
8.15000000 0.11838748
8.25000000 0.05062948
8.35000000 -0.00547949
8.45000000 -0.06151790
8.55000000 -0.10266068
8.65000000 -0.12648377
8.75000000 -0.14247506
8.85000000 -0.15080981
8.95000000 -0.15440484
9.05000000 -0.14539495
9.15000000 -0.14882878
9.25000000 -0.13946923
9.35000000 -0.13707085
9.45000000 -0.14804208
9.55000000 -0.15084302
9.65000000 -0.15984895
9.75000000 -0.18563240
9.85000000 -0.20421117
9.95000000 -0.22671516
10.05000000 -0.24390897
10.15000000 -0.26704933
10.25000000 -0.27778789
10.35000000 -0.29494201
10.45000000 -0.29071366
10.55000000 -0.29741362
10.65000000 -0.30133477
10.75000000 -0.30868092
10.85000000 -0.30884366
10.95000000 -0.31514878
11.05000000 -0.33620712
11.15000000 -0.32385543
11.25000000 -0.30519817
11.35000000 -0.25544420
11.45000000 -0.21057620
11.55000000 -0.15496441
11.65000000 -0.10285088
11.75000000 -0.09025817
11.85000000 -0.07583306
11.95000000 -0.07535918
12.05000000 -0.09109974
12.15000000 -0.10904600
12.25000000 -0.13167900
12.35000000 -0.14321135
12.45000000 -0.14845997
12.55000000 -0.14762732
12.65000000 -0.13958566
12.75000000 -0.12540206
12.85000000 -0.12749264
12.95000000 -0.11921915
13.05000000 -0.12779026
13.15000000 -0.13604365
13.25000000 -0.14321733
13.35000000 -0.15333937
13.45000000 -0.15828184
13.55000000 -0.15901209
13.65000000 -0.14678511
13.75000000 -0.12449746
13.85000000 -0.08559133
13.95000000 -0.05380825
105
3.55000000 9.00293085
3.65000000 6.45781219
3.75000000 4.15444129
3.85000000 2.63805285
3.95000000 1.47428836
4.05000000 0.54393385
4.15000000 -0.21182398
4.25000000 -0.79250488
4.35000000 -1.23831390
4.45000000 -1.54587439
4.55000000 -1.75578546
4.65000000 -1.87280373
4.75000000 -1.96105670
4.85000000 -2.02580404
4.95000000 -2.08477466
5.05000000 -2.11443813
5.15000000 -2.09425164
5.25000000 -2.00814476
5.35000000 -1.85530746
5.45000000 -1.65951132
5.55000000 -1.41484600
5.65000000 -1.16802152
5.75000000 -0.91265400
5.85000000 -0.64056507
5.95000000 -0.35362407
6.05000000 -0.05797378
6.15000000 0.19904372
6.25000000 0.46367880
6.35000000 0.68523766
6.45000000 0.89545580
6.55000000 1.02433542
6.65000000 1.10635328
6.75000000 1.16051376
6.85000000 1.12369025
6.95000000 1.09081736
7.05000000 1.02911718
7.15000000 0.95328080
7.25000000 0.87267666
7.35000000 0.77727690
7.45000000 0.69602860
7.55000000 0.60486094
7.65000000 0.52409751
7.75000000 0.44448991
7.85000000 0.36335992
7.95000000 0.27085402
8.05000000 0.20793861
8.15000000 0.13976342
8.25000000 0.07969384
8.35000000 0.01433134
8.45000000 -0.03528260
8.55000000 -0.07407320
8.65000000 -0.10435126
8.75000000 -0.12883117
8.85000000 -0.13751839
8.95000000 -0.14650626
9.05000000 -0.14331447
9.15000000 -0.15077172
9.25000000 -0.15025771
9.35000000 -0.15118245
9.45000000 -0.17267894
9.55000000 -0.18199683
9.65000000 -0.20003469
9.75000000 -0.23074684
9.85000000 -0.24964814
9.95000000 -0.28345083
10.05000000 -0.30124363
10.15000000 -0.32804022
10.25000000 -0.33832494
10.35000000 -0.35582452
10.45000000 -0.35552678
10.55000000 -0.35543869
10.65000000 -0.35506099
10.75000000 -0.35873345
10.85000000 -0.35054490
10.95000000 -0.35117176
11.05000000 -0.34924570
11.15000000 -0.34217557
11.25000000 -0.31031044
11.35000000 -0.26445829
11.45000000 -0.21771956
11.55000000 -0.15622745
11.65000000 -0.11392919
11.75000000 -0.09810017
11.85000000 -0.08393071
11.95000000 -0.08892542
12.05000000 -0.09677834
12.15000000 -0.11551823
12.25000000 -0.13378326
12.35000000 -0.14200646
12.45000000 -0.15131101
12.55000000 -0.14179840
12.65000000 -0.13984829
12.75000000 -0.13049294
12.85000000 -0.12886502
12.95000000 -0.12331624
13.05000000 -0.13900217
13.15000000 -0.14497084
13.25000000 -0.15868727
13.35000000 -0.17420441
13.45000000 -0.18317706
13.55000000 -0.18351268
13.65000000 -0.17443881
13.75000000 -0.14762735
13.85000000 -0.11199226
13.95000000 -0.07667742
105
3.55000000 9.10621530
3.65000000 6.61316860
3.75000000 4.27840371
3.85000000 2.76004120
3.95000000 1.56949352
4.05000000 0.63567235
4.15000000 -0.14452468
4.25000000 -0.73146378
4.35000000 -1.19359769
4.45000000 -1.51444033
4.55000000 -1.72648239
4.65000000 -1.84758624
4.75000000 -1.94973078
4.85000000 -2.01700010
4.95000000 -2.07412570
5.05000000 -2.11546216
5.15000000 -2.08913469
5.25000000 -2.00552554
5.35000000 -1.84799193
5.45000000 -1.66024320
5.55000000 -1.40256742
5.65000000 -1.15553303
5.75000000 -0.89793018
5.85000000 -0.61762559
5.95000000 -0.32298457
6.05000000 -0.03601761
6.15000000 0.22852088
6.25000000 0.48931385
6.35000000 0.71992680
6.45000000 0.92363905
6.55000000 1.04126269
6.65000000 1.12054610
6.75000000 1.16200204
6.85000000 1.12258063
6.95000000 1.08122383
7.05000000 1.00628422
7.15000000 0.91807971
7.25000000 0.83640828
7.35000000 0.73543989
7.45000000 0.65494775
7.55000000 0.56282591
7.65000000 0.48578665
7.75000000 0.39882155
7.85000000 0.33173067
7.95000000 0.24249460
8.05000000 0.18177356
8.15000000 0.11679653
8.25000000 0.05714667
8.35000000 0.00069012
8.45000000 -0.04272389
8.55000000 -0.07975038
8.65000000 -0.10826833
8.75000000 -0.13250758
8.85000000 -0.13952200
8.95000000 -0.15015278
9.05000000 -0.14937009
9.15000000 -0.15448869
9.25000000 -0.15405189
9.35000000 -0.15985022
9.45000000 -0.17966236
9.55000000 -0.19199412
9.65000000 -0.22051535
9.75000000 -0.24497179
9.85000000 -0.26686889
9.95000000 -0.30668142
10.05000000 -0.32142477
10.15000000 -0.35276072
10.25000000 -0.36057991
10.35000000 -0.37104139
10.45000000 -0.36902804
10.55000000 -0.36401777
10.65000000 -0.35600871
10.75000000 -0.35233312
10.85000000 -0.34250590
10.95000000 -0.34033500
11.05000000 -0.34513431
11.15000000 -0.33877841
11.25000000 -0.32014390
11.35000000 -0.27509910
11.45000000 -0.23147711
11.55000000 -0.17923154
11.65000000 -0.14520960
11.75000000 -0.13009960
11.85000000 -0.11949123
11.95000000 -0.12324767
12.05000000 -0.13162776
12.15000000 -0.14609675
12.25000000 -0.17002882
12.35000000 -0.17756609
12.45000000 -0.18243783
12.55000000 -0.17445804
12.65000000 -0.16957898
12.75000000 -0.15842844
12.85000000 -0.15454226
12.95000000 -0.14684583
13.05000000 -0.15492223
13.15000000 -0.16412578
13.25000000 -0.17628142
13.35000000 -0.18734438
13.45000000 -0.19542138
13.55000000 -0.19117419
13.65000000 -0.17862853
13.75000000 -0.15046045
13.85000000 -0.11160871
13.95000000 -0.07381887
105
3.55000000 9.21862004
3.65000000 6.70175705
3.75000000 4.38482503
3.85000000 2.83931960
3.95000000 1.64037386
4.05000000 0.69228900
4.15000000 -0.08048888
4.25000000 -0.68294948
4.35000000 -1.14560945
4.45000000 -1.47452362
4.55000000 -1.69871300
4.65000000 -1.82064448
4.75000000 -1.92475387
4.85000000 -1.99459703
4.95000000 -2.05474693
5.05000000 -2.10018172
5.15000000 -2.07825943
5.25000000 -1.99194869
5.35000000 -1.83691701
5.45000000 -1.64892120
5.55000000 -1.39504167
5.65000000 -1.15118543
5.75000000 -0.88642535
5.85000000 -0.60495975
5.95000000 -0.32137874
6.05000000 -0.01202197
6.15000000 0.23968518
6.25000000 0.50682143
6.35000000 0.74199251
6.45000000 0.93104806
6.55000000 1.05265968
6.65000000 1.11119141
6.75000000 1.14587980
6.85000000 1.10482256
6.95000000 1.06816511
7.05000000 0.98176275
7.15000000 0.88461474
7.25000000 0.80162533
7.35000000 0.70026166
7.45000000 0.62419549
7.55000000 0.53239791
7.65000000 0.46137810
7.75000000 0.37512698
7.85000000 0.29877020
7.95000000 0.21911592
8.05000000 0.15602204
8.15000000 0.09494361
8.25000000 0.04531330
8.35000000 -0.00999552
8.45000000 -0.05396662
8.55000000 -0.08667353
8.65000000 -0.11509336
8.75000000 -0.13891907
8.85000000 -0.14710925
8.95000000 -0.15865410
9.05000000 -0.15336685
9.15000000 -0.15635693
9.25000000 -0.15684507
9.35000000 -0.17025823
9.45000000 -0.18213227
9.55000000 -0.19340039
9.65000000 -0.23092136
9.75000000 -0.25931618
9.85000000 -0.28216488
9.95000000 -0.32113989
10.05000000 -0.33711454
10.15000000 -0.37268819
10.25000000 -0.38091566
10.35000000 -0.39175744
10.45000000 -0.39507562
10.55000000 -0.39249557
10.65000000 -0.38517229
10.75000000 -0.37209659
10.85000000 -0.37066138
10.95000000 -0.37318864
11.05000000 -0.37038762
11.15000000 -0.37324555
11.25000000 -0.35321569
11.35000000 -0.30775736
11.45000000 -0.27015422
11.55000000 -0.21865592
11.65000000 -0.18353224
11.75000000 -0.17177121
11.85000000 -0.16271835
11.95000000 -0.16506404
12.05000000 -0.17544317
12.15000000 -0.19062039
12.25000000 -0.20553794
12.35000000 -0.21506574
12.45000000 -0.21623347
12.55000000 -0.20496026
12.65000000 -0.19343182
12.75000000 -0.18139157
12.85000000 -0.17691787
12.95000000 -0.16840885
13.05000000 -0.16991539
13.15000000 -0.17599877
13.25000000 -0.18898972
13.35000000 -0.19682182
13.45000000 -0.19924086
13.55000000 -0.19323483
13.65000000 -0.17949284
13.75000000 -0.14650513
13.85000000 -0.10174716
13.95000000 -0.06391881
105
3.55000000 9.25127411
3.65000000 6.72368268
3.75000000 4.41244624
3.85000000 2.88309231
3.95000000 1.68666458
4.05000000 0.74914016
4.15000000 -0.02433370
4.25000000 -0.63246157
4.35000000 -1.08901101
4.45000000 -1.41903692
4.55000000 -1.64423162
4.65000000 -1.77283102
4.75000000 -1.87122964
4.85000000 -1.94466540
4.95000000 -2.01761208
5.05000000 -2.05765974
5.15000000 -2.05009626
5.25000000 -1.95944073
5.35000000 -1.81373085
5.45000000 -1.63245511
5.55000000 -1.39092199
5.65000000 -1.15008097
5.75000000 -0.89874281
5.85000000 -0.63954829
5.95000000 -0.36597435
6.05000000 -0.07588217
6.15000000 0.16944699
6.25000000 0.42100082
6.35000000 0.63780681
6.45000000 0.81640880
6.55000000 0.92727286
6.65000000 0.97969173
6.75000000 1.00901379
6.85000000 0.97159468
6.95000000 0.92221548
7.05000000 0.85353330
7.15000000 0.77437602
7.25000000 0.69183491
7.35000000 0.61742074
7.45000000 0.54142134
7.55000000 0.46872233
7.65000000 0.40826512
7.75000000 0.33236092
7.85000000 0.26549003
7.95000000 0.19632469
8.05000000 0.14229703
8.15000000 0.08092679
8.25000000 0.03188370
8.35000000 -0.01639365
8.45000000 -0.05918528
8.55000000 -0.09071070
8.65000000 -0.11195615
8.75000000 -0.13010329
8.85000000 -0.14614255
8.95000000 -0.15111315
9.05000000 -0.14522408
9.15000000 -0.14602614
9.25000000 -0.14953285
9.35000000 -0.15808565
9.45000000 -0.16628405
9.55000000 -0.18202310
9.65000000 -0.21604178
9.75000000 -0.24588507
9.85000000 -0.27171116
9.95000000 -0.31304424
10.05000000 -0.32896361
10.15000000 -0.36587514
10.25000000 -0.38031619
10.35000000 -0.39059108
10.45000000 -0.39896339
10.55000000 -0.39928261
10.65000000 -0.39578881
10.75000000 -0.38889814
10.85000000 -0.39607093
10.95000000 -0.39712457
11.05000000 -0.40966736
11.15000000 -0.40844844
11.25000000 -0.38629311
11.35000000 -0.33967820
11.45000000 -0.30085456
11.55000000 -0.25057637
11.65000000 -0.21397228
11.75000000 -0.19802483
11.85000000 -0.18319889
11.95000000 -0.18542010
12.05000000 -0.19174401
12.15000000 -0.20422787
12.25000000 -0.21924264
12.35000000 -0.21611462
12.45000000 -0.21729858
12.55000000 -0.20597304
12.65000000 -0.18955854
12.75000000 -0.17557591
12.85000000 -0.16815655
12.95000000 -0.16019878
13.05000000 -0.16460071
13.15000000 -0.16464256
13.25000000 -0.17451751
13.35000000 -0.18760218
13.45000000 -0.19239343
13.55000000 -0.18091371
13.65000000 -0.16619336
13.75000000 -0.13241533
13.85000000 -0.08578327
13.95000000 -0.04668085
105
3.55000000 9.39950308
3.65000000 6.92593475
3.75000000 4.58173186
3.85000000 3.04502062
3.95000000 1.83529021
4.05000000 0.87868600
4.15000000 0.09071288
4.25000000 -0.53309299
4.35000000 -1.01592518
4.45000000 -1.35393539
4.55000000 -1.59646252
4.65000000 -1.73851891
4.75000000 -1.84902882
4.85000000 -1.93569853
4.95000000 -2.01476402
5.05000000 -2.06663300
5.15000000 -2.06376179
5.25000000 -1.98030911
5.35000000 -1.83347721
5.45000000 -1.65065197
5.55000000 -1.41965022
5.65000000 -1.17899843
5.75000000 -0.93133777
5.85000000 -0.66810188
5.95000000 -0.38853726
6.05000000 -0.10091559
6.15000000 0.14340009
6.25000000 0.39478584
6.35000000 0.61164890
6.45000000 0.80125410
6.55000000 0.91793013
6.65000000 0.97348152
6.75000000 1.01114328
6.85000000 0.97271525
6.95000000 0.91790131
7.05000000 0.85628181
7.15000000 0.78219128
7.25000000 0.68610652
7.35000000 0.60678267
7.45000000 0.54246253
7.55000000 0.46408180
7.65000000 0.40501976
7.75000000 0.32717622
7.85000000 0.25782499
7.95000000 0.18871038
8.05000000 0.13639920
8.15000000 0.07953314
8.25000000 0.01590447
8.35000000 -0.02961718
8.45000000 -0.07045004
8.55000000 -0.10406307
8.65000000 -0.12568603
8.75000000 -0.13893814
8.85000000 -0.15748956
8.95000000 -0.15709057
9.05000000 -0.15499431
9.15000000 -0.14713774
9.25000000 -0.15356357
9.35000000 -0.16587399
9.45000000 -0.17801561
9.55000000 -0.18843749
9.65000000 -0.22823417
9.75000000 -0.26144070
9.85000000 -0.29371800
9.95000000 -0.33419324
10.05000000 -0.34877562
10.15000000 -0.39085653
10.25000000 -0.41245096
10.35000000 -0.42774391
10.45000000 -0.43267024
10.55000000 -0.43096693
10.65000000 -0.42891604
10.75000000 -0.42188955
10.85000000 -0.41742262
10.95000000 -0.41202073
11.05000000 -0.42828069
11.15000000 -0.41733731
11.25000000 -0.38958672
11.35000000 -0.34511054
11.45000000 -0.30399667
11.55000000 -0.25198539
11.65000000 -0.21470173
11.75000000 -0.20186141
11.85000000 -0.18543184
11.95000000 -0.18961694
12.05000000 -0.20137867
12.15000000 -0.21319227
12.25000000 -0.23039325
12.35000000 -0.23142435
12.45000000 -0.23384308
12.55000000 -0.22382598
12.65000000 -0.21179009
12.75000000 -0.19580777
12.85000000 -0.19197390
12.95000000 -0.18151136
13.05000000 -0.18567559
13.15000000 -0.18549499
13.25000000 -0.19521774
13.35000000 -0.20488303
13.45000000 -0.20908509
13.55000000 -0.19924956
13.65000000 -0.17742574
13.75000000 -0.14277421
13.85000000 -0.09603540
13.95000000 -0.05525794
105
3.55000000 9.78082569
3.65000000 7.49799115
3.75000000 5.09261750
3.85000000 3.49905559
3.95000000 2.19371825
4.05000000 1.16851189
4.15000000 0.32166605
4.25000000 -0.37044817
4.35000000 -0.93420517
4.45000000 -1.34089313
4.55000000 -1.66668874
4.65000000 -1.87271811
4.75000000 -2.04320325
4.85000000 -2.20933827
4.95000000 -2.34272993
5.05000000 -2.46560917
5.15000000 -2.51266851
5.25000000 -2.50631291
5.35000000 -2.41730509
5.45000000 -2.29202264
5.55000000 -2.10117882
5.65000000 -1.91378965
5.75000000 -1.69436303
5.85000000 -1.47350194
5.95000000 -1.23666515
6.05000000 -0.98178428
6.15000000 -0.80174992
6.25000000 -0.54935473
6.35000000 -0.37605357
6.45000000 -0.17320548
6.55000000 -0.05519448
6.65000000 -0.06670947
6.75000000 -0.01199876
6.85000000 -0.05401308
6.95000000 -0.07078186
7.05000000 -0.10729452
7.15000000 -0.23554364
7.25000000 -0.25043947
7.35000000 -0.29251049
7.45000000 -0.28385489
7.55000000 -0.37424313
7.65000000 -0.34878635
7.75000000 -0.41323280
7.85000000 -0.43905101
7.95000000 -0.48180074
8.05000000 -0.48792980
8.15000000 -0.47379903
8.25000000 -0.51571063
8.35000000 -0.51158464
8.45000000 -0.49699611
8.55000000 -0.49772391
8.65000000 -0.50769841
8.75000000 -0.46849154
8.85000000 -0.46000696
8.95000000 -0.41095649
9.05000000 -0.42464176
9.15000000 -0.36690096
9.25000000 -0.32712932
9.35000000 -0.32567336
9.45000000 -0.32000051
9.55000000 -0.28292298
9.65000000 -0.31113229
9.75000000 -0.32232913
9.85000000 -0.30242843
9.95000000 -0.33989831
10.05000000 -0.32040548
10.15000000 -0.33272547
10.25000000 -0.33613072
10.35000000 -0.33551273
10.45000000 -0.31629967
10.55000000 -0.31844560
10.65000000 -0.30260463
10.75000000 -0.28834709
10.85000000 -0.28507562
10.95000000 -0.26675113
11.05000000 -0.27998751
11.15000000 -0.26635443
11.25000000 -0.23430404
11.35000000 -0.22146286
11.45000000 -0.18001631
11.55000000 -0.12990407
11.65000000 -0.09376428
11.75000000 -0.10124295
11.85000000 -0.10628358
11.95000000 -0.11930129
12.05000000 -0.14593820
12.15000000 -0.17030327
12.25000000 -0.20381843
12.35000000 -0.22069593
12.45000000 -0.22217409
12.55000000 -0.21690883
12.65000000 -0.22108294
12.75000000 -0.21508000
12.85000000 -0.19459450
12.95000000 -0.19007211
13.05000000 -0.19471333
13.15000000 -0.20511655
13.25000000 -0.21400640
13.35000000 -0.22996560
13.45000000 -0.23740983
13.55000000 -0.22484848
13.65000000 -0.20971569
13.75000000 -0.18489383
13.85000000 -0.14253678
13.95000000 -0.09113767
105
3.55000000 10.51458374
3.65000000 8.15167405
3.75000000 5.68671889
3.85000000 4.05319838
3.95000000 2.71870649
4.05000000 1.65485725
4.15000000 0.75245377
4.25000000 0.02962202
4.35000000 -0.57495276
4.45000000 -1.03281943
4.55000000 -1.37384509
4.65000000 -1.61545670
4.75000000 -1.82493227
4.85000000 -2.04343800
4.95000000 -2.20383020
5.05000000 -2.35596896
5.15000000 -2.43337036
5.25000000 -2.45867428
5.35000000 -2.39860995
5.45000000 -2.28974298
5.55000000 -2.13139965
5.65000000 -1.97125216
5.75000000 -1.78289207
5.85000000 -1.58035136
5.95000000 -1.38409009
6.05000000 -1.12965752
6.15000000 -0.96489495
6.25000000 -0.76548320
6.35000000 -0.63037670
6.45000000 -0.42145178
6.55000000 -0.31732020
6.65000000 -0.36097227
6.75000000 -0.31805506
6.85000000 -0.35222103
6.95000000 -0.39483841
7.05000000 -0.45710928
7.15000000 -0.54414396
7.25000000 -0.56120734
7.35000000 -0.60627763
7.45000000 -0.61990574
7.55000000 -0.68744243
7.65000000 -0.65373508
7.75000000 -0.72567635
7.85000000 -0.73860779
7.95000000 -0.75459030
8.05000000 -0.75855308
8.15000000 -0.73453339
8.25000000 -0.74396751
8.35000000 -0.73375365
8.45000000 -0.70546974
8.55000000 -0.69389055
8.65000000 -0.66420906
8.75000000 -0.62215928
8.85000000 -0.59799073
8.95000000 -0.54109536
9.05000000 -0.53047950
9.15000000 -0.48177645
9.25000000 -0.41295852
9.35000000 -0.40049919
9.45000000 -0.38688409
9.55000000 -0.32994630
9.65000000 -0.32626544
9.75000000 -0.34308106
9.85000000 -0.30100950
9.95000000 -0.31217592
10.05000000 -0.28566940
10.15000000 -0.28484681
10.25000000 -0.27120610
10.35000000 -0.25164413
10.45000000 -0.22301969
10.55000000 -0.20763975
10.65000000 -0.17388186
10.75000000 -0.15598954
10.85000000 -0.15214253
10.95000000 -0.13850197
11.05000000 -0.14303404
11.15000000 -0.13541202
11.25000000 -0.10363796
11.35000000 -0.09851162
11.45000000 -0.03956941
11.55000000 -0.00172930
11.65000000 0.01914324
11.75000000 0.01924609
11.85000000 0.01261155
11.95000000 -0.00861578
12.05000000 -0.04321930
12.15000000 -0.06995914
12.25000000 -0.10218977
12.35000000 -0.12122471
12.45000000 -0.14257997
12.55000000 -0.15082763
12.65000000 -0.15468502
12.75000000 -0.14226667
12.85000000 -0.14059106
12.95000000 -0.14608774
13.05000000 -0.15716310
13.15000000 -0.18310768
13.25000000 -0.18724281
13.35000000 -0.20174605
13.45000000 -0.21839411
13.55000000 -0.22686964
13.65000000 -0.20448990
13.75000000 -0.18156392
13.85000000 -0.14200027
13.95000000 -0.10629210
105
3.55000000 11.14295562
3.65000000 8.90613662
3.75000000 6.40894741
3.85000000 4.73691941
3.95000000 3.39603605
4.05000000 2.28361136
4.15000000 1.37724560
4.25000000 0.64386231
4.35000000 0.01529606
4.45000000 -0.45448107
4.55000000 -0.82736516
4.65000000 -1.09205263
4.75000000 -1.32175581
4.85000000 -1.54551202
4.95000000 -1.71845439
5.05000000 -1.89025745
5.15000000 -1.99001143
5.25000000 -2.01674344
5.35000000 -1.98333084
5.45000000 -1.87189928
5.55000000 -1.74009102
5.65000000 -1.59295221
5.75000000 -1.41590226
5.85000000 -1.22646579
5.95000000 -1.02358470
6.05000000 -0.79787512
6.15000000 -0.61802011
6.25000000 -0.46347060
6.35000000 -0.31668417
6.45000000 -0.15986546
6.55000000 -0.08602341
6.65000000 -0.10842646
6.75000000 -0.08533624
6.85000000 -0.11241948
6.95000000 -0.18478978
7.05000000 -0.22628829
7.15000000 -0.30755449
7.25000000 -0.34845387
7.35000000 -0.38810738
7.45000000 -0.41066499
7.55000000 -0.46596001
7.65000000 -0.45753546
7.75000000 -0.51560662
7.85000000 -0.52715476
7.95000000 -0.53913720
8.05000000 -0.53143874
8.15000000 -0.52204689
8.25000000 -0.51258275
8.35000000 -0.50812958
8.45000000 -0.46679106
8.55000000 -0.45137698
8.65000000 -0.42487124
8.75000000 -0.36780843
8.85000000 -0.32870618
8.95000000 -0.28678074
9.05000000 -0.24285441
9.15000000 -0.20351113
9.25000000 -0.13495108
9.35000000 -0.11247821
9.45000000 -0.09803081
9.55000000 -0.04364079
9.65000000 -0.04501547
9.75000000 -0.04875035
9.85000000 -0.00595914
9.95000000 -0.00865823
10.05000000 0.00431938
10.15000000 0.01455658
10.25000000 0.02973682
10.35000000 0.04478762
10.45000000 0.07267010
10.55000000 0.09173694
10.65000000 0.12304178
10.75000000 0.13551323
10.85000000 0.12887291
10.95000000 0.14981496
11.05000000 0.13688663
11.15000000 0.11914719
11.25000000 0.14851035
11.35000000 0.16131885
11.45000000 0.20586524
11.55000000 0.23649136
11.65000000 0.25091322
11.75000000 0.25429993
11.85000000 0.23492347
11.95000000 0.19734617
12.05000000 0.16093567
12.15000000 0.11651131
12.25000000 0.07838106
12.35000000 0.04013606
12.45000000 0.01148455
12.55000000 -0.01982286
12.65000000 -0.03413193
12.75000000 -0.03715012
12.85000000 -0.04040406
12.95000000 -0.05485630
13.05000000 -0.07866809
13.15000000 -0.09988623
13.25000000 -0.12235645
13.35000000 -0.14797398
13.45000000 -0.17035697
13.55000000 -0.17609775
13.65000000 -0.16532527
13.75000000 -0.14456303
13.85000000 -0.10830430
13.95000000 -0.08036457
105
3.55000000 11.33390206
3.65000000 9.00847563
3.75000000 6.45714492
3.85000000 4.79201355
3.95000000 3.44193572
4.05000000 2.31501471
4.15000000 1.39393819
4.25000000 0.63838262
4.35000000 -0.00273934
4.45000000 -0.49244667
4.55000000 -0.88016737
4.65000000 -1.16252386
4.75000000 -1.40766103
4.85000000 -1.63189135
4.95000000 -1.83026506
5.05000000 -2.01728302
5.15000000 -2.12807663
5.25000000 -2.16697378
5.35000000 -2.14327876
5.45000000 -2.05210434
5.55000000 -1.92272623
5.65000000 -1.78495826
5.75000000 -1.62873587
5.85000000 -1.45894664
5.95000000 -1.25521781
6.05000000 -1.04832670
6.15000000 -0.86711492
6.25000000 -0.70140569
6.35000000 -0.54914408
6.45000000 -0.42214648
6.55000000 -0.34854381
6.65000000 -0.34700150
6.75000000 -0.33421498
6.85000000 -0.34526121
6.95000000 -0.41245473
7.05000000 -0.45695643
7.15000000 -0.52793702
7.25000000 -0.60543907
7.35000000 -0.63093073
7.45000000 -0.67427773
7.55000000 -0.71587003
7.65000000 -0.70995033
7.75000000 -0.75055951
7.85000000 -0.76205092
7.95000000 -0.76911746
8.05000000 -0.75697026
8.15000000 -0.74546961
8.25000000 -0.73832868
8.35000000 -0.71923833
8.45000000 -0.67916691
8.55000000 -0.65837776
8.65000000 -0.61225306
8.75000000 -0.56632234
8.85000000 -0.51660978
8.95000000 -0.46941544
9.05000000 -0.41257216
9.15000000 -0.35896349
9.25000000 -0.29641115
9.35000000 -0.25856332
9.45000000 -0.23375259
9.55000000 -0.17264058
9.65000000 -0.17837375
9.75000000 -0.16204234
9.85000000 -0.12660441
9.95000000 -0.12520832
10.05000000 -0.10597266
10.15000000 -0.08153413
10.25000000 -0.06444919
10.35000000 -0.04082281
10.45000000 -0.01597441
10.55000000 0.02298584
10.65000000 0.04712102
10.75000000 0.06591836
10.85000000 0.07094200
10.95000000 0.09500683
11.05000000 0.08546932
11.15000000 0.07731209
11.25000000 0.10111702
11.35000000 0.12194332
11.45000000 0.16793493
11.55000000 0.19288929
11.65000000 0.20443524
11.75000000 0.20926438
11.85000000 0.20096228
11.95000000 0.16351216
12.05000000 0.13444076
12.15000000 0.08799111
12.25000000 0.05642466
12.35000000 0.01932846
12.45000000 -0.00214529
12.55000000 -0.02783024
12.65000000 -0.03389708
12.75000000 -0.04301782
12.85000000 -0.04717617
12.95000000 -0.06172200
13.05000000 -0.08267910
13.15000000 -0.09867192
13.25000000 -0.12288044
13.35000000 -0.15217668
13.45000000 -0.16819567
13.55000000 -0.17853563
13.65000000 -0.16570466
13.75000000 -0.15012410
13.85000000 -0.11622912
13.95000000 -0.08312840
105
3.55000000 11.43361608
3.65000000 9.14741843
3.75000000 6.57297751
3.85000000 4.88669014
3.95000000 3.55933501
4.05000000 2.44914724
4.15000000 1.51376462
4.25000000 0.74480849
4.35000000 0.11122775
4.45000000 -0.38581973
4.55000000 -0.78434683
4.65000000 -1.07079360
4.75000000 -1.31525568
4.85000000 -1.55207459
4.95000000 -1.75280554
5.05000000 -1.94576322
5.15000000 -2.05956546
5.25000000 -2.09957636
5.35000000 -2.08016051
5.45000000 -1.99723150
5.55000000 -1.87998484
5.65000000 -1.73150303
5.75000000 -1.57930874
5.85000000 -1.41271475
5.95000000 -1.21183793
6.05000000 -1.00725148
6.15000000 -0.82788984
6.25000000 -0.66533730
6.35000000 -0.50412114
6.45000000 -0.40275872
6.55000000 -0.30501646
6.65000000 -0.28659916
6.75000000 -0.29513577
6.85000000 -0.33125655
6.95000000 -0.39850003
7.05000000 -0.42950536
7.15000000 -0.52326776
7.25000000 -0.60707167
7.35000000 -0.63578798
7.45000000 -0.66425773
7.55000000 -0.71868892
7.65000000 -0.72645730
7.75000000 -0.76660424
7.85000000 -0.76790202
7.95000000 -0.78773419
8.05000000 -0.76724681
8.15000000 -0.75843668
8.25000000 -0.76001669
8.35000000 -0.73403764
8.45000000 -0.70205200
8.55000000 -0.68554213
8.65000000 -0.62637237
8.75000000 -0.57915630
8.85000000 -0.53027893
8.95000000 -0.48722995
9.05000000 -0.42583664
9.15000000 -0.37768218
9.25000000 -0.31409755
9.35000000 -0.27578969
9.45000000 -0.24494492
9.55000000 -0.19471099
9.65000000 -0.19764459
9.75000000 -0.17399129
9.85000000 -0.14770593
9.95000000 -0.14982810
10.05000000 -0.14192239
10.15000000 -0.11800576
10.25000000 -0.10016108
10.35000000 -0.06999622
10.45000000 -0.04466098
10.55000000 -0.02408627
10.65000000 0.00567985
10.75000000 0.02933016
10.85000000 0.03245355
10.95000000 0.04909112
11.05000000 0.04549034
11.15000000 0.03960653
11.25000000 0.06542260
11.35000000 0.07334456
11.45000000 0.11603442
11.55000000 0.13765895
11.65000000 0.15437066
11.75000000 0.15815241
11.85000000 0.14923675
11.95000000 0.11779302
12.05000000 0.09210659
12.15000000 0.04589183
12.25000000 0.01727671
12.35000000 -0.00926066
12.45000000 -0.02631364
12.55000000 -0.05272041
12.65000000 -0.05902573
12.75000000 -0.06362763
12.85000000 -0.06728021
12.95000000 -0.08357870
13.05000000 -0.09699554
13.15000000 -0.10760247
13.25000000 -0.12781057
13.35000000 -0.15238985
13.45000000 -0.16501555
13.55000000 -0.17036643
13.65000000 -0.15387482
13.75000000 -0.13686694
13.85000000 -0.10270448
13.95000000 -0.06519981
105
3.55000000 11.97546954
3.65000000 9.53800650
3.75000000 6.97418322
3.85000000 5.27001293
3.95000000 3.91890834
4.05000000 2.76698911
4.15000000 1.82623685
4.25000000 1.01798062
4.35000000 0.36758493
4.45000000 -0.13803103
4.55000000 -0.56302209
4.65000000 -0.86249889
4.75000000 -1.12386416
4.85000000 -1.38683849
4.95000000 -1.59847539
5.05000000 -1.81287519
5.15000000 -1.93985384
5.25000000 -1.99799652
5.35000000 -1.98998506
5.45000000 -1.91361380
5.55000000 -1.80375956
5.65000000 -1.67483709
5.75000000 -1.52251096
5.85000000 -1.36899579
5.95000000 -1.15407764
6.05000000 -0.96957233
6.15000000 -0.80243988
6.25000000 -0.61447975
6.35000000 -0.45575293
6.45000000 -0.36074787
6.55000000 -0.26461076
6.65000000 -0.23606158
6.75000000 -0.25836895
6.85000000 -0.31268685
6.95000000 -0.38397606
7.05000000 -0.42249671
7.15000000 -0.48819627
7.25000000 -0.57622270
7.35000000 -0.60982037
7.45000000 -0.64635199
7.55000000 -0.68646789
7.65000000 -0.70451734
7.75000000 -0.72026106
7.85000000 -0.72966624
7.95000000 -0.73829468
8.05000000 -0.70896992
8.15000000 -0.69275494
8.25000000 -0.69210631
8.35000000 -0.66435585
8.45000000 -0.63082621
8.55000000 -0.60757175
8.65000000 -0.54484910
8.75000000 -0.50270986
8.85000000 -0.45308754
8.95000000 -0.39323403
9.05000000 -0.32175109
9.15000000 -0.26959568
9.25000000 -0.21631871
9.35000000 -0.16112198
9.45000000 -0.12378110
9.55000000 -0.08125570
9.65000000 -0.06483481
9.75000000 -0.04559306
9.85000000 -0.02695166
9.95000000 -0.02200715
10.05000000 -0.01637029
10.15000000 -0.00417087
10.25000000 0.01589104
10.35000000 0.04375742
10.45000000 0.07201758
10.55000000 0.07311072
10.65000000 0.11113799
10.75000000 0.12566673
10.85000000 0.13473440
10.95000000 0.13976472
11.05000000 0.13526850
11.15000000 0.12527243
11.25000000 0.15345778
11.35000000 0.16113441
11.45000000 0.18844030
11.55000000 0.21908305
11.65000000 0.23391790
11.75000000 0.23367680
11.85000000 0.21669528
11.95000000 0.18440833
12.05000000 0.15314268
12.15000000 0.10381127
12.25000000 0.07007411
12.35000000 0.03977952
12.45000000 0.01444400
12.55000000 -0.00799680
12.65000000 -0.02238467
12.75000000 -0.03418814
12.85000000 -0.03701533
12.95000000 -0.06164755
13.05000000 -0.08049386
13.15000000 -0.09241172
13.25000000 -0.10884653
13.35000000 -0.13456346
13.45000000 -0.14516730
13.55000000 -0.15675959
13.65000000 -0.14489826
13.75000000 -0.12613372
13.85000000 -0.09690396
13.95000000 -0.06006146
105
3.55000000 12.09119848
3.65000000 9.60410925
3.75000000 7.03995643
3.85000000 5.37213306
3.95000000 3.99963352
4.05000000 2.84316534
4.15000000 1.89488087
4.25000000 1.11344436
4.35000000 0.45618838
4.45000000 -0.04263575
4.55000000 -0.45368138
4.65000000 -0.75954882
4.75000000 -1.01084457
4.85000000 -1.25966898
4.95000000 -1.47551877
5.05000000 -1.68878377
5.15000000 -1.80709728
5.25000000 -1.87704306
5.35000000 -1.86749340
5.45000000 -1.78409487
5.55000000 -1.67881814
5.65000000 -1.54471166
5.75000000 -1.38687070
5.85000000 -1.24033220
5.95000000 -1.02061977
6.05000000 -0.84213263
6.15000000 -0.66114339
6.25000000 -0.47833713
6.35000000 -0.29665630
6.45000000 -0.20482881
6.55000000 -0.12170552
6.65000000 -0.08841390
6.75000000 -0.10305512
6.85000000 -0.17430914
6.95000000 -0.25248384
7.05000000 -0.29331207
7.15000000 -0.38382266
7.25000000 -0.46695428
7.35000000 -0.51655780
7.45000000 -0.57223689
7.55000000 -0.61033970
7.65000000 -0.63825461
7.75000000 -0.65530772
7.85000000 -0.67666558
7.95000000 -0.68259415
8.05000000 -0.67395920
8.15000000 -0.66612352
8.25000000 -0.66500377
8.35000000 -0.64986953
8.45000000 -0.61805098
8.55000000 -0.58413903
8.65000000 -0.54216792
8.75000000 -0.49562422
8.85000000 -0.44122802
8.95000000 -0.38464661
9.05000000 -0.32266438
9.15000000 -0.26159826
9.25000000 -0.22268202
9.35000000 -0.16663657
9.45000000 -0.12889566
9.55000000 -0.09159821
9.65000000 -0.08646245
9.75000000 -0.06305278
9.85000000 -0.04838264
9.95000000 -0.04504477
10.05000000 -0.03529824
10.15000000 -0.02750034
10.25000000 -0.01563555
10.35000000 0.02103349
10.45000000 0.04674686
10.55000000 0.04630241
10.65000000 0.09485022
10.75000000 0.09662244
10.85000000 0.11319272
10.95000000 0.11985012
11.05000000 0.11845696
11.15000000 0.11383015
11.25000000 0.13273670
11.35000000 0.14458401
11.45000000 0.17435676
11.55000000 0.20486041
11.65000000 0.22278817
11.75000000 0.21821538
11.85000000 0.21153595
11.95000000 0.17764958
12.05000000 0.14728677
12.15000000 0.10179507
12.25000000 0.06444697
12.35000000 0.03481759
12.45000000 0.01071209
12.55000000 0.00151151
12.65000000 -0.01335976
12.75000000 -0.02364704
12.85000000 -0.03371246
12.95000000 -0.05255522
13.05000000 -0.07184135
13.15000000 -0.08598505
13.25000000 -0.10012879
13.35000000 -0.13088663
13.45000000 -0.14264815
13.55000000 -0.15295923
13.65000000 -0.13514861
13.75000000 -0.11169399
13.85000000 -0.08082173
13.95000000 -0.04280741
105
3.55000000 12.09043544
3.65000000 9.52388216
3.75000000 6.94815028
3.85000000 5.23484433
3.95000000 3.86377609
4.05000000 2.70678965
4.15000000 1.75261140
4.25000000 0.95634435
4.35000000 0.29511387
4.45000000 -0.21132566
4.55000000 -0.63460312
4.65000000 -0.93032267
4.75000000 -1.19476251
4.85000000 -1.45325006
4.95000000 -1.66114215
5.05000000 -1.86688448
5.15000000 -1.99193723
5.25000000 -2.05914478
5.35000000 -2.04502582
5.45000000 -1.96822143
5.55000000 -1.85619432
5.65000000 -1.71991057
5.75000000 -1.56952179
5.85000000 -1.42524105
5.95000000 -1.21127206
6.05000000 -1.03670643
6.15000000 -0.84448343
6.25000000 -0.65762727
6.35000000 -0.46778214
6.45000000 -0.35054214
6.55000000 -0.26857251
6.65000000 -0.24154057
6.75000000 -0.21013442
6.85000000 -0.26406406
6.95000000 -0.35330432
7.05000000 -0.38712645
7.15000000 -0.47118743
7.25000000 -0.53557217
7.35000000 -0.59394127
7.45000000 -0.64748810
7.55000000 -0.67542983
7.65000000 -0.69982650
7.75000000 -0.71954331
7.85000000 -0.73623004
7.95000000 -0.73325817
8.05000000 -0.73673048
8.15000000 -0.73322134
8.25000000 -0.71870384
8.35000000 -0.71334976
8.45000000 -0.67500056
8.55000000 -0.63998315
8.65000000 -0.60597265
8.75000000 -0.55809068
8.85000000 -0.50354531
8.95000000 -0.44762398
9.05000000 -0.39724514
9.15000000 -0.33912715
9.25000000 -0.28700025
9.35000000 -0.23614454
9.45000000 -0.20140888
9.55000000 -0.16435834
9.65000000 -0.15275236
9.75000000 -0.13748068
9.85000000 -0.12148073
9.95000000 -0.11475574
10.05000000 -0.11588606
10.15000000 -0.10741337
10.25000000 -0.09318395
10.35000000 -0.06044852
10.45000000 -0.03560330
10.55000000 -0.03965586
10.65000000 0.00967347
10.75000000 0.01137136
10.85000000 0.02699083
10.95000000 0.03909489
11.05000000 0.03348394
11.15000000 0.02962467
11.25000000 0.05454921
11.35000000 0.07035677
11.45000000 0.10550599
11.55000000 0.13607324
11.65000000 0.15611832
11.75000000 0.15201172
11.85000000 0.14376219
11.95000000 0.12121135
12.05000000 0.08959181
12.15000000 0.05253036
12.25000000 0.00775589
12.35000000 -0.01798343
12.45000000 -0.04199632
12.55000000 -0.04617072
12.65000000 -0.05346610
12.75000000 -0.05762164
12.85000000 -0.06267842
12.95000000 -0.07783698
13.05000000 -0.09189355
13.15000000 -0.10018704
13.25000000 -0.12012978
13.35000000 -0.14105959
13.45000000 -0.15854096
13.55000000 -0.16227186
13.65000000 -0.14480836
13.75000000 -0.11898116
13.85000000 -0.09068879
13.95000000 -0.04842932
105
3.55000000 12.65119966
3.65000000 10.06213925
3.75000000 7.46558926
3.85000000 5.77840811
3.95000000 4.39904457
4.05000000 3.24427902
4.15000000 2.27220956
4.25000000 1.46823644
4.35000000 0.79738791
4.45000000 0.27211968
4.55000000 -0.15376509
4.65000000 -0.46656671
4.75000000 -0.73921978
4.85000000 -1.00603936
4.95000000 -1.23058402
5.05000000 -1.43979010
5.15000000 -1.58129952
5.25000000 -1.65779290
5.35000000 -1.65625252
5.45000000 -1.59368808
5.55000000 -1.49053058
5.65000000 -1.36774573
5.75000000 -1.22263616
5.85000000 -1.08708468
5.95000000 -0.89241086
6.05000000 -0.71958572
6.15000000 -0.53085335
6.25000000 -0.35894668
6.35000000 -0.21310823
6.45000000 -0.10947900
6.55000000 -0.02461847
6.65000000 0.00631060
6.75000000 0.01722141
6.85000000 -0.03573858
6.95000000 -0.10022777
7.05000000 -0.16581241
7.15000000 -0.23404996
7.25000000 -0.32609005
7.35000000 -0.37757617
7.45000000 -0.43612005
7.55000000 -0.47832588
7.65000000 -0.50487694
7.75000000 -0.52617548
7.85000000 -0.55591902
7.95000000 -0.55128537
8.05000000 -0.55325576
8.15000000 -0.55463276
8.25000000 -0.54702661
8.35000000 -0.54483321
8.45000000 -0.51368108
8.55000000 -0.48306561
8.65000000 -0.45178884
8.75000000 -0.40284220
8.85000000 -0.35369457
8.95000000 -0.30003094
9.05000000 -0.24319022
9.15000000 -0.18829218
9.25000000 -0.13884547
9.35000000 -0.08081776
9.45000000 -0.05201390
9.55000000 -0.01425840
9.65000000 0.00099795
9.75000000 0.01519273
9.85000000 0.02970288
9.95000000 0.03400282
10.05000000 0.02637398
10.15000000 0.04601602
10.25000000 0.05956762
10.35000000 0.08162790
10.45000000 0.09902881
10.55000000 0.10417961
10.65000000 0.14966051
10.75000000 0.15084521
10.85000000 0.16422220
10.95000000 0.16786473
11.05000000 0.15966871
11.15000000 0.14935539
11.25000000 0.16866858
11.35000000 0.18615119
11.45000000 0.22222953
11.55000000 0.24672222
11.65000000 0.25628202
11.75000000 0.25382101
11.85000000 0.23844774
11.95000000 0.20680227
12.05000000 0.17295282
12.15000000 0.13238081
12.25000000 0.09013880
12.35000000 0.05926411
12.45000000 0.02834552
12.55000000 0.02237110
12.65000000 0.01144147
12.75000000 0.00596681
12.85000000 -0.00598296
12.95000000 -0.02437473
13.05000000 -0.04365122
13.15000000 -0.05613121
13.25000000 -0.08229981
13.35000000 -0.10755222
13.45000000 -0.12562207
13.55000000 -0.13531604
13.65000000 -0.12674184
13.75000000 -0.09553968
13.85000000 -0.07430425
13.95000000 -0.03932322
105
3.55000000 12.66827688
3.65000000 10.03488376
3.75000000 7.43954674
3.85000000 5.71794523
3.95000000 4.33075177
4.05000000 3.15891890
4.15000000 2.17402863
4.25000000 1.35416693
4.35000000 0.66840609
4.45000000 0.15011301
4.55000000 -0.29003750
4.65000000 -0.61925463
4.75000000 -0.90786955
4.85000000 -1.18114992
4.95000000 -1.42054405
5.05000000 -1.64159620
5.15000000 -1.78809297
5.25000000 -1.88185149
5.35000000 -1.87783436
5.45000000 -1.82938118
5.55000000 -1.72699836
5.65000000 -1.61776209
5.75000000 -1.45883691
5.85000000 -1.32183335
5.95000000 -1.12724452
6.05000000 -0.96246233
6.15000000 -0.76292648
6.25000000 -0.60774503
6.35000000 -0.43192461
6.45000000 -0.31272125
6.55000000 -0.22899336
6.65000000 -0.20813708
6.75000000 -0.23516944
6.85000000 -0.26295461
6.95000000 -0.34034549
7.05000000 -0.42733859
7.15000000 -0.49149139
7.25000000 -0.59148200
7.35000000 -0.64781600
7.45000000 -0.68324944
7.55000000 -0.71190963
7.65000000 -0.74055983
7.75000000 -0.74840476
7.85000000 -0.77786960
7.95000000 -0.77832742
8.05000000 -0.76580508
8.15000000 -0.76470215
8.25000000 -0.75184658
8.35000000 -0.73784664
8.45000000 -0.70658735
8.55000000 -0.66123645
8.65000000 -0.63131770
8.75000000 -0.57413345
8.85000000 -0.50873097
8.95000000 -0.44596618
9.05000000 -0.39233466
9.15000000 -0.32318535
9.25000000 -0.26040364
9.35000000 -0.20996812
9.45000000 -0.17133691
9.55000000 -0.12420425
9.65000000 -0.11758729
9.75000000 -0.08528524
9.85000000 -0.06831766
9.95000000 -0.05029282
10.05000000 -0.05576101
10.15000000 -0.02895180
10.25000000 -0.01749510
10.35000000 0.00553114
10.45000000 0.02292595
10.55000000 0.04936118
10.65000000 0.07475833
10.75000000 0.07847049
10.85000000 0.09480679
10.95000000 0.09542106
11.05000000 0.08757336
11.15000000 0.08134445
11.25000000 0.09886138
11.35000000 0.11755316
11.45000000 0.16059900
11.55000000 0.17941090
11.65000000 0.20368219
11.75000000 0.20565158
11.85000000 0.19260720
11.95000000 0.17640084
12.05000000 0.14464184
12.15000000 0.10404256
12.25000000 0.06350243
12.35000000 0.04114940
12.45000000 0.00834792
12.55000000 0.00425906
12.65000000 -0.00597390
12.75000000 -0.01286585
12.85000000 -0.02623673
12.95000000 -0.03741132
13.05000000 -0.05452092
13.15000000 -0.07080092
13.25000000 -0.09256422
13.35000000 -0.11178255
13.45000000 -0.12797843
13.55000000 -0.13649976
13.65000000 -0.12492603
13.75000000 -0.09584916
13.85000000 -0.07214247
13.95000000 -0.03069782
105
3.55000000 12.57514634
3.65000000 9.98887196
3.75000000 7.36564255
3.85000000 5.66598672
3.95000000 4.28169564
4.05000000 3.12241429
4.15000000 2.14852961
4.25000000 1.33304935
4.35000000 0.65078917
4.45000000 0.13620954
4.55000000 -0.30341051
4.65000000 -0.62976980
4.75000000 -0.91460143
4.85000000 -1.18427128
4.95000000 -1.42698372
5.05000000 -1.64602687
5.15000000 -1.79006293
5.25000000 -1.87943681
5.35000000 -1.88503279
5.45000000 -1.82675524
5.55000000 -1.72838494
5.65000000 -1.62447366
5.75000000 -1.46631993
5.85000000 -1.33463725
5.95000000 -1.15326284
6.05000000 -0.97565503
6.15000000 -0.80420828
6.25000000 -0.63754139
6.35000000 -0.47669327
6.45000000 -0.36045332
6.55000000 -0.28910230
6.65000000 -0.28180253
6.75000000 -0.29808542
6.85000000 -0.33068936
6.95000000 -0.40162014
7.05000000 -0.48625655
7.15000000 -0.54936527
7.25000000 -0.62832151
7.35000000 -0.68816130
7.45000000 -0.72091477
7.55000000 -0.75199072
7.65000000 -0.78250245
7.75000000 -0.78518524
7.85000000 -0.81103459
7.95000000 -0.81235260
8.05000000 -0.79903236
8.15000000 -0.79266224
8.25000000 -0.77876766
8.35000000 -0.76804470
8.45000000 -0.73770841
8.55000000 -0.69353602
8.65000000 -0.65506961
8.75000000 -0.60748722
8.85000000 -0.54438951
8.95000000 -0.48726588
9.05000000 -0.43283296
9.15000000 -0.36464419
9.25000000 -0.31759897
9.35000000 -0.26231881
9.45000000 -0.22227235
9.55000000 -0.17522610
9.65000000 -0.15344052
9.75000000 -0.12517816
9.85000000 -0.09907857
9.95000000 -0.07288636
10.05000000 -0.05942797
10.15000000 -0.03102568
10.25000000 -0.00876465
10.35000000 0.02216104
10.45000000 0.04466871
10.55000000 0.07359209
10.65000000 0.10380795
10.75000000 0.11241592
10.85000000 0.12424338
10.95000000 0.13029291
11.05000000 0.11966393
11.15000000 0.11697241
11.25000000 0.13220743
11.35000000 0.15417132
11.45000000 0.19498745
11.55000000 0.21252689
11.65000000 0.23874993
11.75000000 0.23888896
11.85000000 0.22236700
11.95000000 0.20159114
12.05000000 0.16765621
12.15000000 0.12589560
12.25000000 0.08492995
12.35000000 0.05595418
12.45000000 0.02307205
12.55000000 0.01045167
12.65000000 -0.00289919
12.75000000 -0.01097201
12.85000000 -0.02587009
12.95000000 -0.03988340
13.05000000 -0.05606396
13.15000000 -0.07464986
13.25000000 -0.09941616
13.35000000 -0.11794026
13.45000000 -0.13289495
13.55000000 -0.14581178
13.65000000 -0.13701305
13.75000000 -0.11169763
13.85000000 -0.09016303
13.95000000 -0.05459033
105
3.55000000 12.43136024
3.65000000 9.85043165
3.75000000 7.24484270
3.85000000 5.54997653
3.95000000 4.17068476
4.05000000 3.02342165
4.15000000 2.05541853
4.25000000 1.25259659
4.35000000 0.57813990
4.45000000 0.06173461
4.55000000 -0.36652448
4.65000000 -0.68929928
4.75000000 -0.96741030
4.85000000 -1.23005669
4.95000000 -1.46794383
5.05000000 -1.67478267
5.15000000 -1.81930331
5.25000000 -1.90130165
5.35000000 -1.89276546
5.45000000 -1.83338361
5.55000000 -1.73035813
5.65000000 -1.61383046
5.75000000 -1.46502094
5.85000000 -1.31488424
5.95000000 -1.13696841
6.05000000 -0.95217138
6.15000000 -0.78876705
6.25000000 -0.60524807
6.35000000 -0.45093298
6.45000000 -0.34157270
6.55000000 -0.27691691
6.65000000 -0.26262017
6.75000000 -0.29023861
6.85000000 -0.31683126
6.95000000 -0.38106569
7.05000000 -0.46399672
7.15000000 -0.52062913
7.25000000 -0.59642028
7.35000000 -0.64303903
7.45000000 -0.68012840
7.55000000 -0.71280544
7.65000000 -0.73916641
7.75000000 -0.74051991
7.85000000 -0.76279407
7.95000000 -0.75975906
8.05000000 -0.75390944
8.15000000 -0.74648151
8.25000000 -0.73358710
8.35000000 -0.71855667
8.45000000 -0.69244765
8.55000000 -0.64801854
8.65000000 -0.60981445
8.75000000 -0.56648326
8.85000000 -0.50579116
8.95000000 -0.44772542
9.05000000 -0.39512859
9.15000000 -0.32925201
9.25000000 -0.28096548
9.35000000 -0.22479671
9.45000000 -0.18348741
9.55000000 -0.13631589
9.65000000 -0.11295704
9.75000000 -0.08264648
9.85000000 -0.05783761
9.95000000 -0.03305576
10.05000000 -0.01816874
10.15000000 0.00880131
10.25000000 0.03229607
10.35000000 0.06548621
10.45000000 0.08927404
10.55000000 0.12262968
10.65000000 0.15079780
10.75000000 0.16203008
10.85000000 0.17864583
10.95000000 0.18154868
11.05000000 0.17199350
11.15000000 0.17239794
11.25000000 0.18572151
11.35000000 0.20759223
11.45000000 0.24664297
11.55000000 0.26648899
11.65000000 0.29040540
11.75000000 0.28894742
11.85000000 0.27117264
11.95000000 0.25205482
12.05000000 0.21269001
12.15000000 0.17212439
12.25000000 0.13054546
12.35000000 0.10247302
12.45000000 0.07327326
12.55000000 0.05601664
12.65000000 0.04405331
12.75000000 0.03791273
12.85000000 0.02132938
12.95000000 0.00589921
13.05000000 -0.01372064
13.15000000 -0.03742043
13.25000000 -0.06469363
13.35000000 -0.08935872
13.45000000 -0.10525368
13.55000000 -0.11688319
13.65000000 -0.11539883
13.75000000 -0.09486935
13.85000000 -0.07200081
13.95000000 -0.04074039
105
3.55000000 12.30321381
3.65000000 9.73229243
3.75000000 7.14824226
3.85000000 5.46052274
3.95000000 4.08471520
4.05000000 2.94046772
4.15000000 1.96770264
4.25000000 1.17388448
4.35000000 0.50979013
4.45000000 -0.00389891
4.55000000 -0.42261773
4.65000000 -0.74346126
4.75000000 -1.01374448
4.85000000 -1.26960774
4.95000000 -1.50183869
5.05000000 -1.70175483
5.15000000 -1.84287927
5.25000000 -1.91183806
5.35000000 -1.90554750
5.45000000 -1.84434123
5.55000000 -1.73832962
5.65000000 -1.61450076
5.75000000 -1.46711410
5.85000000 -1.31405202
5.95000000 -1.13549812
6.05000000 -0.95278633
6.15000000 -0.77879574
6.25000000 -0.61320973
6.35000000 -0.45696620
6.45000000 -0.34409571
6.55000000 -0.27090692
6.65000000 -0.26332927
6.75000000 -0.28663714
6.85000000 -0.31620912
6.95000000 -0.38434667
7.05000000 -0.45802010
7.15000000 -0.52128219
7.25000000 -0.59866133
7.35000000 -0.64728408
7.45000000 -0.69035669
7.55000000 -0.72128167
7.65000000 -0.74507609
7.75000000 -0.75304960
7.85000000 -0.76982807
7.95000000 -0.77643904
8.05000000 -0.77172784
8.15000000 -0.76726122
8.25000000 -0.75511283
8.35000000 -0.73827813
8.45000000 -0.71424820
8.55000000 -0.67283278
8.65000000 -0.63147688
8.75000000 -0.58405974
8.85000000 -0.52592548
8.95000000 -0.46886463
9.05000000 -0.41452869
9.15000000 -0.34652775
9.25000000 -0.29423576
9.35000000 -0.24054029
9.45000000 -0.20066260
9.55000000 -0.15482759
9.65000000 -0.12805265
9.75000000 -0.09973998
9.85000000 -0.07581831
9.95000000 -0.04790560
10.05000000 -0.03415140
10.15000000 -0.00796962
10.25000000 0.01775945
10.35000000 0.05079261
10.45000000 0.07782293
10.55000000 0.11687301
10.65000000 0.14047882
10.75000000 0.16021153
10.85000000 0.18150591
10.95000000 0.18419929
11.05000000 0.17829381
11.15000000 0.18005963
11.25000000 0.19380965
11.35000000 0.22351063
11.45000000 0.25405748
11.55000000 0.28197273
11.65000000 0.30883666
11.75000000 0.30190476
11.85000000 0.28656397
11.95000000 0.26497832
12.05000000 0.22918436
12.15000000 0.18822876
12.25000000 0.14633545
12.35000000 0.11657210
12.45000000 0.08544052
12.55000000 0.06955795
12.65000000 0.05743987
12.75000000 0.05298517
12.85000000 0.03665300
12.95000000 0.01891576
13.05000000 -0.00282074
13.15000000 -0.02674400
13.25000000 -0.05431652
13.35000000 -0.08220410
13.45000000 -0.10179876
13.55000000 -0.11964892
13.65000000 -0.11552866
13.75000000 -0.09538553
13.85000000 -0.07590069
13.95000000 -0.04639103
105
3.55000000 12.34950921
3.65000000 9.76116663
3.75000000 7.17892960
3.85000000 5.48368076
3.95000000 4.12058604
4.05000000 2.96675924
4.15000000 2.00674973
4.25000000 1.21288983
4.35000000 0.54906240
4.45000000 0.04122375
4.55000000 -0.37443199
4.65000000 -0.69254822
4.75000000 -0.96495857
4.85000000 -1.21548622
4.95000000 -1.44519115
5.05000000 -1.64760826
5.15000000 -1.78644895
5.25000000 -1.85131128
5.35000000 -1.85059448
5.45000000 -1.79161201
5.55000000 -1.67996204
5.65000000 -1.56229357
5.75000000 -1.41235904
5.85000000 -1.25659089
5.95000000 -1.08303601
6.05000000 -0.90107369
6.15000000 -0.72457175
6.25000000 -0.56132171
6.35000000 -0.40451272
6.45000000 -0.30046326
6.55000000 -0.22532647
6.65000000 -0.22778346
6.75000000 -0.24110973
6.85000000 -0.27756917
6.95000000 -0.34501546
7.05000000 -0.42598256
7.15000000 -0.48260081
7.25000000 -0.55458552
7.35000000 -0.60297257
7.45000000 -0.65264700
7.55000000 -0.68349384
7.65000000 -0.70696082
7.75000000 -0.72122955
7.85000000 -0.74012812
7.95000000 -0.75177844
8.05000000 -0.74985702
8.15000000 -0.74584600
8.25000000 -0.73553727
8.35000000 -0.71863889
8.45000000 -0.69585157
8.55000000 -0.65868450
8.65000000 -0.61733611
8.75000000 -0.57333661
8.85000000 -0.51728003
8.95000000 -0.46284851
9.05000000 -0.40567597
9.15000000 -0.34545504
9.25000000 -0.29444327
9.35000000 -0.24068293
9.45000000 -0.20157098
9.55000000 -0.15901153
9.65000000 -0.13309898
9.75000000 -0.10261600
9.85000000 -0.07848503
9.95000000 -0.05066356
10.05000000 -0.03585970
10.15000000 -0.01272781
10.25000000 0.01615429
10.35000000 0.05089401
10.45000000 0.08175742
10.55000000 0.12082926
10.65000000 0.15145038
10.75000000 0.17198344
10.85000000 0.19538036
10.95000000 0.19808910
11.05000000 0.19446664
11.15000000 0.19570216
11.25000000 0.20961376
11.35000000 0.23783101
11.45000000 0.27412826
11.55000000 0.29879075
11.65000000 0.32459156
11.75000000 0.31903904
11.85000000 0.30511895
11.95000000 0.27893452
12.05000000 0.24153660
12.15000000 0.20054458
12.25000000 0.16033466
12.35000000 0.12857485
12.45000000 0.09782058
12.55000000 0.08246557
12.65000000 0.07336002
12.75000000 0.06261409
12.85000000 0.04934367
12.95000000 0.02933202
13.05000000 0.00649866
13.15000000 -0.01597575
13.25000000 -0.04691729
13.35000000 -0.07359453
13.45000000 -0.09382081
13.55000000 -0.11389728
13.65000000 -0.11105202
13.75000000 -0.09158485
13.85000000 -0.07015401
13.95000000 -0.04628788
105
3.55000000 12.56303437
3.65000000 9.91109864
3.75000000 7.30945035
3.85000000 5.63288282
3.95000000 4.24822607
4.05000000 3.08974757
4.15000000 2.12319111
4.25000000 1.32040677
4.35000000 0.64958620
4.45000000 0.13525235
4.55000000 -0.28381767
4.65000000 -0.61092660
4.75000000 -0.88497992
4.85000000 -1.14021998
4.95000000 -1.37946898
5.05000000 -1.58183845
5.15000000 -1.72833682
5.25000000 -1.79781110
5.35000000 -1.80123269
5.45000000 -1.74102494
5.55000000 -1.63363825
5.65000000 -1.51764316
5.75000000 -1.36836347
5.85000000 -1.21057904
5.95000000 -1.02985879
6.05000000 -0.83289611
6.15000000 -0.66164950
6.25000000 -0.49241662
6.35000000 -0.31904400
6.45000000 -0.20871729
6.55000000 -0.12842066
6.65000000 -0.10232051
6.75000000 -0.11901525
6.85000000 -0.15889329
6.95000000 -0.21364042
7.05000000 -0.30849963
7.15000000 -0.36390742
7.25000000 -0.44548934
7.35000000 -0.49491578
7.45000000 -0.55098405
7.55000000 -0.58854562
7.65000000 -0.62299269
7.75000000 -0.63975256
7.85000000 -0.66198436
7.95000000 -0.67636807
8.05000000 -0.67401517
8.15000000 -0.66822291
8.25000000 -0.66543983
8.35000000 -0.64899650
8.45000000 -0.62299031
8.55000000 -0.59102835
8.65000000 -0.54297453
8.75000000 -0.49901008
8.85000000 -0.44173769
8.95000000 -0.38187598
9.05000000 -0.31662836
9.15000000 -0.25677866
9.25000000 -0.20208144
9.35000000 -0.14397348
9.45000000 -0.10492798
9.55000000 -0.06367047
9.65000000 -0.03557561
9.75000000 -0.00636938
9.85000000 0.00803133
9.95000000 0.03440546
10.05000000 0.04359153
10.15000000 0.05876159
10.25000000 0.07499810
10.35000000 0.09687910
10.45000000 0.12835697
10.55000000 0.15087374
10.65000000 0.17145728
10.75000000 0.18979041
10.85000000 0.21188633
10.95000000 0.20974002
11.05000000 0.20750007
11.15000000 0.20477995
11.25000000 0.21667861
11.35000000 0.24431504
11.45000000 0.27766334
11.55000000 0.30629137
11.65000000 0.33272679
11.75000000 0.32894633
11.85000000 0.31699245
11.95000000 0.29262664
12.05000000 0.25677089
12.15000000 0.21875485
12.25000000 0.18362025
12.35000000 0.14877845
12.45000000 0.12099159
12.55000000 0.10745908
12.65000000 0.09895817
12.75000000 0.08422060
12.85000000 0.07335588
12.95000000 0.05588467
13.05000000 0.03249580
13.15000000 0.00826689
13.25000000 -0.02294542
13.35000000 -0.05126223
13.45000000 -0.07220954
13.55000000 -0.08878035
13.65000000 -0.08482305
13.75000000 -0.06408420
13.85000000 -0.04369544
13.95000000 -0.01830696
105
3.55000000 12.57408298
3.65000000 9.96789532
3.75000000 7.37538390
3.85000000 5.68219509
3.95000000 4.29865909
4.05000000 3.14677109
4.15000000 2.16957486
4.25000000 1.37139453
4.35000000 0.70808648
4.45000000 0.18178911
4.55000000 -0.23331042
4.65000000 -0.56106169
4.75000000 -0.83870151
4.85000000 -1.09117754
4.95000000 -1.33646264
5.05000000 -1.53911176
5.15000000 -1.69003969
5.25000000 -1.75643434
5.35000000 -1.76462138
5.45000000 -1.69967807
5.55000000 -1.60617815
5.65000000 -1.48680882
5.75000000 -1.34096039
5.85000000 -1.18573365
5.95000000 -1.01018035
6.05000000 -0.81798899
6.15000000 -0.64354665
6.25000000 -0.47761136
6.35000000 -0.31382421
6.45000000 -0.20617382
6.55000000 -0.12990769
6.65000000 -0.10966660
6.75000000 -0.12819401
6.85000000 -0.17986328
6.95000000 -0.23732868
7.05000000 -0.33079872
7.15000000 -0.39746339
7.25000000 -0.47341872
7.35000000 -0.53316191
7.45000000 -0.58603288
7.55000000 -0.62639389
7.65000000 -0.66252329
7.75000000 -0.67695845
7.85000000 -0.69622290
7.95000000 -0.70787217
8.05000000 -0.71230437
8.15000000 -0.70528239
8.25000000 -0.69494435
8.35000000 -0.68345058
8.45000000 -0.65687891
8.55000000 -0.62289928
8.65000000 -0.57358629
8.75000000 -0.52782461
8.85000000 -0.47300179
8.95000000 -0.41561799
9.05000000 -0.34891364
9.15000000 -0.28697561
9.25000000 -0.23625966
9.35000000 -0.17950067
9.45000000 -0.14199475
9.55000000 -0.10300851
9.65000000 -0.07556545
9.75000000 -0.05055233
9.85000000 -0.03299323
9.95000000 -0.01170104
10.05000000 -0.00316932
10.15000000 0.01538412
10.25000000 0.03734615
10.35000000 0.05609336
10.45000000 0.08968004
10.55000000 0.11387167
10.65000000 0.13437562
10.75000000 0.15641939
10.85000000 0.18162608
10.95000000 0.17898275
11.05000000 0.17198000
11.15000000 0.16924087
11.25000000 0.18219647
11.35000000 0.21181505
11.45000000 0.23992274
11.55000000 0.26991221
11.65000000 0.29202297
11.75000000 0.28954706
11.85000000 0.27719520
11.95000000 0.25676583
12.05000000 0.22058629
12.15000000 0.18492779
12.25000000 0.14826322
12.35000000 0.11353328
12.45000000 0.09050773
12.55000000 0.07543044
12.65000000 0.06679275
12.75000000 0.05647999
12.85000000 0.04563007
12.95000000 0.02788770
13.05000000 0.00439291
13.15000000 -0.01880740
13.25000000 -0.04711718
13.35000000 -0.07462333
13.45000000 -0.09192074
13.55000000 -0.10477378
13.65000000 -0.10078888
13.75000000 -0.07982952
13.85000000 -0.05303743
13.95000000 -0.02364861
105
3.55000000 12.59664032
3.65000000 9.93563868
3.75000000 7.35852967
3.85000000 5.66763148
3.95000000 4.28651504
4.05000000 3.12364223
4.15000000 2.15016006
4.25000000 1.34759207
4.35000000 0.68117352
4.45000000 0.15646175
4.55000000 -0.25640071
4.65000000 -0.58480461
4.75000000 -0.86504058
4.85000000 -1.11601667
4.95000000 -1.36001131
5.05000000 -1.56598336
5.15000000 -1.71156580
5.25000000 -1.78599684
5.35000000 -1.77923075
5.45000000 -1.71539803
5.55000000 -1.62345629
5.65000000 -1.49906255
5.75000000 -1.36256721
5.85000000 -1.20142570
5.95000000 -1.02876246
6.05000000 -0.84795018
6.15000000 -0.66434204
6.25000000 -0.48069583
6.35000000 -0.32736313
6.45000000 -0.21507940
6.55000000 -0.15673720
6.65000000 -0.12869520
6.75000000 -0.13517043
6.85000000 -0.19710993
6.95000000 -0.24965620
7.05000000 -0.33382123
7.15000000 -0.39488729
7.25000000 -0.47992905
7.35000000 -0.53643419
7.45000000 -0.58868500
7.55000000 -0.63264512
7.65000000 -0.67343843
7.75000000 -0.68547016
7.85000000 -0.70961536
7.95000000 -0.72156362
8.05000000 -0.72714547
8.15000000 -0.72283246
8.25000000 -0.71385775
8.35000000 -0.70555026
8.45000000 -0.68270291
8.55000000 -0.65064842
8.65000000 -0.60210041
8.75000000 -0.55752391
8.85000000 -0.50714099
8.95000000 -0.44867576
9.05000000 -0.38590996
9.15000000 -0.33001459
9.25000000 -0.27705840
9.35000000 -0.22093214
9.45000000 -0.18842881
9.55000000 -0.15128231
9.65000000 -0.12529957
9.75000000 -0.10315316
9.85000000 -0.07893920
9.95000000 -0.06190838
10.05000000 -0.04928777
10.15000000 -0.02797749
10.25000000 -0.00462845
10.35000000 0.01774108
10.45000000 0.05076880
10.55000000 0.07340689
10.65000000 0.10164845
10.75000000 0.12621853
10.85000000 0.14910867
10.95000000 0.15111260
11.05000000 0.14392934
11.15000000 0.14539540
11.25000000 0.16172436
11.35000000 0.19278889
11.45000000 0.22078390
11.55000000 0.25210395
11.65000000 0.27446316
11.75000000 0.27332687
11.85000000 0.26447824
11.95000000 0.24186819
12.05000000 0.20576168
12.15000000 0.17219241
12.25000000 0.13355793
12.35000000 0.09715807
12.45000000 0.07673767
12.55000000 0.06109565
12.65000000 0.05070012
12.75000000 0.04334370
12.85000000 0.03085010
12.95000000 0.01122451
13.05000000 -0.01199579
13.15000000 -0.03554744
13.25000000 -0.06425102
13.35000000 -0.09473226
13.45000000 -0.11000001
13.55000000 -0.12505374
13.65000000 -0.12059559
13.75000000 -0.10567246
13.85000000 -0.07744605
13.95000000 -0.04789752
105
3.55000000 12.87721273
3.65000000 10.25597538
3.75000000 7.66098733
3.85000000 5.93561496
3.95000000 4.55812034
4.05000000 3.38578657
4.15000000 2.39512903
4.25000000 1.58004183
4.35000000 0.90516561
4.45000000 0.36715986
4.55000000 -0.05376941
4.65000000 -0.39117963
4.75000000 -0.68536283
4.85000000 -0.95032359
4.95000000 -1.20319868
5.05000000 -1.41960572
5.15000000 -1.57929079
5.25000000 -1.66759193
5.35000000 -1.66888963
5.45000000 -1.61448972
5.55000000 -1.53989914
5.65000000 -1.42696368
5.75000000 -1.30232504
5.85000000 -1.15021745
5.95000000 -0.98925543
6.05000000 -0.81025904
6.15000000 -0.64301704
6.25000000 -0.46880726
6.35000000 -0.31345457
6.45000000 -0.20993182
6.55000000 -0.14182092
6.65000000 -0.12485855
6.75000000 -0.13151488
6.85000000 -0.20080561
6.95000000 -0.24852317
7.05000000 -0.34690437
7.15000000 -0.41522459
7.25000000 -0.49709660
7.35000000 -0.56249437
7.45000000 -0.62589182
7.55000000 -0.66918325
7.65000000 -0.71046771
7.75000000 -0.73095476
7.85000000 -0.75859957
7.95000000 -0.77662898
8.05000000 -0.78458422
8.15000000 -0.78060452
8.25000000 -0.77519269
8.35000000 -0.77208101
8.45000000 -0.74922690
8.55000000 -0.71962120
8.65000000 -0.66879914
8.75000000 -0.62567906
8.85000000 -0.57285607
8.95000000 -0.51658124
9.05000000 -0.44883783
9.15000000 -0.39049732
9.25000000 -0.33465602
9.35000000 -0.27585632
9.45000000 -0.23846324
9.55000000 -0.19719937
9.65000000 -0.16697431
9.75000000 -0.14091952
9.85000000 -0.12367852
9.95000000 -0.10510099
10.05000000 -0.09327467
10.15000000 -0.07295143
10.25000000 -0.04738055
10.35000000 -0.02744434
10.45000000 0.00683870
10.55000000 0.03571195
10.65000000 0.06113651
10.75000000 0.08715647
10.85000000 0.10803099
10.95000000 0.11301649
11.05000000 0.10759438
11.15000000 0.11180634
11.25000000 0.13181223
11.35000000 0.16363653
11.45000000 0.19385438
11.55000000 0.22838150
11.65000000 0.25308415
11.75000000 0.25665805
11.85000000 0.24660596
11.95000000 0.22977351
12.05000000 0.19903233
12.15000000 0.16698338
12.25000000 0.13159585
12.35000000 0.09761102
12.45000000 0.08067423
12.55000000 0.06853952
12.65000000 0.06094575
12.75000000 0.05495169
12.85000000 0.04078665
12.95000000 0.02228905
13.05000000 -0.00065372
13.15000000 -0.02155936
13.25000000 -0.05084165
13.35000000 -0.07952173
13.45000000 -0.09833095
13.55000000 -0.11013250
13.65000000 -0.10860423
13.75000000 -0.09181159
13.85000000 -0.06321933
13.95000000 -0.03278230
105
3.55000000 12.86492764
3.65000000 10.19874280
3.75000000 7.58165952
3.85000000 5.87019878
3.95000000 4.47833518
4.05000000 3.32280669
4.15000000 2.32425984
4.25000000 1.50965783
4.35000000 0.83416750
4.45000000 0.29001739
4.55000000 -0.13789389
4.65000000 -0.47446642
4.75000000 -0.77043210
4.85000000 -1.03739147
4.95000000 -1.29243748
5.05000000 -1.51141594
5.15000000 -1.67106239
5.25000000 -1.75928895
5.35000000 -1.75973708
5.45000000 -1.70606763
5.55000000 -1.63075068
5.65000000 -1.51150336
5.75000000 -1.39047639
5.85000000 -1.23630793
5.95000000 -1.05924547
6.05000000 -0.88008801
6.15000000 -0.71222447
6.25000000 -0.54117054
6.35000000 -0.38346337
6.45000000 -0.27233137
6.55000000 -0.20570620
6.65000000 -0.18291875
6.75000000 -0.19652227
6.85000000 -0.27211941
6.95000000 -0.32158966
7.05000000 -0.40899319
7.15000000 -0.48421338
7.25000000 -0.55973947
7.35000000 -0.62335331
7.45000000 -0.67597624
7.55000000 -0.72301832
7.65000000 -0.76395848
7.75000000 -0.78014409
7.85000000 -0.80171128
7.95000000 -0.82164446
8.05000000 -0.82704492
8.15000000 -0.82131380
8.25000000 -0.81147117
8.35000000 -0.80606349
8.45000000 -0.78283450
8.55000000 -0.74680889
8.65000000 -0.69614854
8.75000000 -0.65790815
8.85000000 -0.60603197
8.95000000 -0.54345474
9.05000000 -0.47865352
9.15000000 -0.42073539
9.25000000 -0.36240119
9.35000000 -0.30602902
9.45000000 -0.26851211
9.55000000 -0.23251167
9.65000000 -0.20510208
9.75000000 -0.17534462
9.85000000 -0.16483757
9.95000000 -0.15264706
10.05000000 -0.13964498
10.15000000 -0.12024670
10.25000000 -0.10318526
10.35000000 -0.08685486
10.45000000 -0.05377347
10.55000000 -0.02658485
10.65000000 -0.00323373
10.75000000 0.01517455
10.85000000 0.03957801
10.95000000 0.04303069
11.05000000 0.04080832
11.15000000 0.04111183
11.25000000 0.05979280
11.35000000 0.09450851
11.45000000 0.12404729
11.55000000 0.15801449
11.65000000 0.18396492
11.75000000 0.18764431
11.85000000 0.17997760
11.95000000 0.16074013
12.05000000 0.13011077
12.15000000 0.10141933
12.25000000 0.07371744
12.35000000 0.03944382
12.45000000 0.02582629
12.55000000 0.01459830
12.65000000 0.00876645
12.75000000 0.00642979
12.85000000 -0.00404511
12.95000000 -0.01840605
13.05000000 -0.03723162
13.15000000 -0.05709142
13.25000000 -0.08331369
13.35000000 -0.10613218
13.45000000 -0.12122147
13.55000000 -0.12920331
13.65000000 -0.12173470
13.75000000 -0.09960084
13.85000000 -0.06972555
13.95000000 -0.03163212
105
3.55000000 12.71201592
3.65000000 10.05428683
3.75000000 7.43858287
3.85000000 5.72794281
3.95000000 4.33297963
4.05000000 3.18038893
4.15000000 2.17914760
4.25000000 1.37154340
4.35000000 0.69763974
4.45000000 0.15767782
4.55000000 -0.26273755
4.65000000 -0.59911796
4.75000000 -0.89081993
4.85000000 -1.15090834
4.95000000 -1.40075510
5.05000000 -1.61293896
5.15000000 -1.76730413
5.25000000 -1.84582844
5.35000000 -1.84455104
5.45000000 -1.78756665
5.55000000 -1.70063720
5.65000000 -1.57426252
5.75000000 -1.44287219
5.85000000 -1.28896659
5.95000000 -1.10103640
6.05000000 -0.91324839
6.15000000 -0.72852047
6.25000000 -0.56259445
6.35000000 -0.39980763
6.45000000 -0.27462841
6.55000000 -0.20468243
6.65000000 -0.17328051
6.75000000 -0.17616900
6.85000000 -0.24523689
6.95000000 -0.29679226
7.05000000 -0.38236198
7.15000000 -0.45175686
7.25000000 -0.51763713
7.35000000 -0.57232863
7.45000000 -0.62175547
7.55000000 -0.66808717
7.65000000 -0.69430752
7.75000000 -0.71270006
7.85000000 -0.72749214
7.95000000 -0.73859282
8.05000000 -0.73817574
8.15000000 -0.73305104
8.25000000 -0.71452360
8.35000000 -0.70411836
8.45000000 -0.67198714
8.55000000 -0.63900828
8.65000000 -0.58399946
8.75000000 -0.54282954
8.85000000 -0.48951622
8.95000000 -0.42511651
9.05000000 -0.35775078
9.15000000 -0.29848563
9.25000000 -0.24152137
9.35000000 -0.18341022
9.45000000 -0.13752558
9.55000000 -0.10187825
9.65000000 -0.07604627
9.75000000 -0.04721762
9.85000000 -0.03072919
9.95000000 -0.01972433
10.05000000 -0.00740499
10.15000000 0.00739003
10.25000000 0.02637875
10.35000000 0.04332880
10.45000000 0.06711509
10.55000000 0.09213773
10.65000000 0.11525082
10.75000000 0.13013652
10.85000000 0.14952153
10.95000000 0.14374682
11.05000000 0.13903298
11.15000000 0.13669454
11.25000000 0.15367203
11.35000000 0.18250849
11.45000000 0.20523289
11.55000000 0.23433159
11.65000000 0.25792646
11.75000000 0.26081689
11.85000000 0.25173692
11.95000000 0.22840963
12.05000000 0.20061101
12.15000000 0.16653225
12.25000000 0.13437259
12.35000000 0.10074902
12.45000000 0.08230145
12.55000000 0.06995745
12.65000000 0.06106956
12.75000000 0.05250366
12.85000000 0.03804543
12.95000000 0.02351907
13.05000000 -0.00140510
13.15000000 -0.02504214
13.25000000 -0.05310735
13.35000000 -0.07937761
13.45000000 -0.09771111
13.55000000 -0.10930880
13.65000000 -0.10429892
13.75000000 -0.08437869
13.85000000 -0.05961276
13.95000000 -0.02171734
105
3.55000000 12.72966055
3.65000000 10.10914831
3.75000000 7.50372283
3.85000000 5.79164524
3.95000000 4.39835354
4.05000000 3.24512135
4.15000000 2.25204869
4.25000000 1.44617877
4.35000000 0.77628266
4.45000000 0.23931095
4.55000000 -0.18062754
4.65000000 -0.51728294
4.75000000 -0.80523227
4.85000000 -1.06358434
4.95000000 -1.31091910
5.05000000 -1.52531505
5.15000000 -1.67862348
5.25000000 -1.75814337
5.35000000 -1.75720407
5.45000000 -1.70394670
5.55000000 -1.61380562
5.65000000 -1.49251907
5.75000000 -1.36329761
5.85000000 -1.21242692
5.95000000 -1.03245881
6.05000000 -0.85078947
6.15000000 -0.67135234
6.25000000 -0.50886385
6.35000000 -0.35341502
6.45000000 -0.23370007
6.55000000 -0.17429345
6.65000000 -0.14808134
6.75000000 -0.15734504
6.85000000 -0.22135394
6.95000000 -0.27365082
7.05000000 -0.35971779
7.15000000 -0.43301182
7.25000000 -0.50110672
7.35000000 -0.55820509
7.45000000 -0.60726023
7.55000000 -0.65446807
7.65000000 -0.68177737
7.75000000 -0.70266127
7.85000000 -0.71967752
7.95000000 -0.73353558
8.05000000 -0.73561053
8.15000000 -0.73162792
8.25000000 -0.71572324
8.35000000 -0.70522790
8.45000000 -0.67750836
8.55000000 -0.64693096
8.65000000 -0.59590742
8.75000000 -0.55386739
8.85000000 -0.50155378
8.95000000 -0.44097831
9.05000000 -0.37423132
9.15000000 -0.31695662
9.25000000 -0.26064062
9.35000000 -0.20362320
9.45000000 -0.15914388
9.55000000 -0.12340926
9.65000000 -0.09630711
9.75000000 -0.06865844
9.85000000 -0.04938906
9.95000000 -0.03670415
10.05000000 -0.02210347
10.15000000 -0.00618904
10.25000000 0.01500783
10.35000000 0.03648889
10.45000000 0.06407866
10.55000000 0.09066431
10.65000000 0.11768480
10.75000000 0.13533908
10.85000000 0.15474494
10.95000000 0.15269564
11.05000000 0.15043326
11.15000000 0.14778170
11.25000000 0.16457482
11.35000000 0.19407887
11.45000000 0.22088653
11.55000000 0.25092287
11.65000000 0.27108554
11.75000000 0.27377516
11.85000000 0.26336752
11.95000000 0.23861698
12.05000000 0.20737291
12.15000000 0.17187249
12.25000000 0.13718842
12.35000000 0.10319561
12.45000000 0.08314044
12.55000000 0.06943299
12.65000000 0.05965889
12.75000000 0.05110418
12.85000000 0.03753502
12.95000000 0.02281221
13.05000000 -0.00138905
13.15000000 -0.02431402
13.25000000 -0.05114627
13.35000000 -0.07788279
13.45000000 -0.09646889
13.55000000 -0.10720392
13.65000000 -0.10207715
13.75000000 -0.08376246
13.85000000 -0.05738539
13.95000000 -0.02283781
105
3.55000000 12.72749911
3.65000000 10.10300600
3.75000000 7.51451077
3.85000000 5.80207307
3.95000000 4.41287382
4.05000000 3.25948569
4.15000000 2.27183473
4.25000000 1.46686310
4.35000000 0.79921861
4.45000000 0.26336445
4.55000000 -0.15312690
4.65000000 -0.48663728
4.75000000 -0.77375420
4.85000000 -1.03197617
4.95000000 -1.27769332
5.05000000 -1.49223467
5.15000000 -1.64509614
5.25000000 -1.72349450
5.35000000 -1.72248928
5.45000000 -1.67105552
5.55000000 -1.57929032
5.65000000 -1.45950380
5.75000000 -1.32671267
5.85000000 -1.17829043
5.95000000 -1.00145160
6.05000000 -0.82149775
6.15000000 -0.64655840
6.25000000 -0.48337589
6.35000000 -0.33143171
6.45000000 -0.21528989
6.55000000 -0.15771707
6.65000000 -0.13446819
6.75000000 -0.14294981
6.85000000 -0.20470276
6.95000000 -0.26100181
7.05000000 -0.34835649
7.15000000 -0.42126633
7.25000000 -0.49178738
7.35000000 -0.55093277
7.45000000 -0.60118931
7.55000000 -0.64717490
7.65000000 -0.67572069
7.75000000 -0.69586338
7.85000000 -0.71588298
7.95000000 -0.72810379
8.05000000 -0.73130577
8.15000000 -0.72670482
8.25000000 -0.71358060
8.35000000 -0.70300742
8.45000000 -0.67564815
8.55000000 -0.64432174
8.65000000 -0.59438030
8.75000000 -0.55063071
8.85000000 -0.49634328
8.95000000 -0.43615334
9.05000000 -0.36985765
9.15000000 -0.31150525
9.25000000 -0.25327217
9.35000000 -0.19666455
9.45000000 -0.14993282
9.55000000 -0.11392267
9.65000000 -0.08650943
9.75000000 -0.05843276
9.85000000 -0.03816316
9.95000000 -0.02367013
10.05000000 -0.00877220
10.15000000 0.00839891
10.25000000 0.02943977
10.35000000 0.05279161
10.45000000 0.08220397
10.55000000 0.10882891
10.65000000 0.13685368
10.75000000 0.15629863
10.85000000 0.17592317
10.95000000 0.17450916
11.05000000 0.17296090
11.15000000 0.16986851
11.25000000 0.18590668
11.35000000 0.21747822
11.45000000 0.24485407
11.55000000 0.27620939
11.65000000 0.29460691
11.75000000 0.29725881
11.85000000 0.28453801
11.95000000 0.26045790
12.05000000 0.22750431
12.15000000 0.19145807
12.25000000 0.15464638
12.35000000 0.12026871
12.45000000 0.09781926
12.55000000 0.08307321
12.65000000 0.07326492
12.75000000 0.06398543
12.85000000 0.04958417
12.95000000 0.03319375
13.05000000 0.00981816
13.15000000 -0.01332375
13.25000000 -0.04119128
13.35000000 -0.06888905
13.45000000 -0.08881623
13.55000000 -0.09864118
13.65000000 -0.09351269
13.75000000 -0.07820437
13.85000000 -0.05113501
13.95000000 -0.01801368
105
3.55000000 12.77122127
3.65000000 10.12849634
3.75000000 7.54954078
3.85000000 5.83769196
3.95000000 4.44705936
4.05000000 3.30206855
4.15000000 2.31610346
4.25000000 1.50967512
4.35000000 0.84515442
4.45000000 0.31114553
4.55000000 -0.10388496
4.65000000 -0.43689688
4.75000000 -0.72069406
4.85000000 -0.98061394
4.95000000 -1.22610498
5.05000000 -1.44062853
5.15000000 -1.59373476
5.25000000 -1.67102990
5.35000000 -1.67166232
5.45000000 -1.62236612
5.55000000 -1.52921485
5.65000000 -1.41165229
5.75000000 -1.28088429
5.85000000 -1.13348499
5.95000000 -0.95894030
6.05000000 -0.78341993
6.15000000 -0.60979697
6.25000000 -0.45147055
6.35000000 -0.30243753
6.45000000 -0.18751175
6.55000000 -0.12995528
6.65000000 -0.11395968
6.75000000 -0.12295476
6.85000000 -0.18267724
6.95000000 -0.24440529
7.05000000 -0.32975897
7.15000000 -0.40341587
7.25000000 -0.47786713
7.35000000 -0.53720239
7.45000000 -0.58810243
7.55000000 -0.63627741
7.65000000 -0.66669517
7.75000000 -0.68603901
7.85000000 -0.70753432
7.95000000 -0.71966646
8.05000000 -0.72224477
8.15000000 -0.71824222
8.25000000 -0.70728760
8.35000000 -0.69708193
8.45000000 -0.67029848
8.55000000 -0.63971373
8.65000000 -0.59224257
8.75000000 -0.54812978
8.85000000 -0.49491927
8.95000000 -0.43469468
9.05000000 -0.37028754
9.15000000 -0.31192667
9.25000000 -0.25412132
9.35000000 -0.19778149
9.45000000 -0.15106228
9.55000000 -0.11466512
9.65000000 -0.08635814
9.75000000 -0.06022813
9.85000000 -0.03794769
9.95000000 -0.02320822
10.05000000 -0.00810369
10.15000000 0.01119697
10.25000000 0.03231594
10.35000000 0.05780573
10.45000000 0.08781110
10.55000000 0.11568193
10.65000000 0.14395565
10.75000000 0.16469056
10.85000000 0.18411720
10.95000000 0.18508894
11.05000000 0.18357456
11.15000000 0.18108871
11.25000000 0.19880251
11.35000000 0.22796448
11.45000000 0.25704033
11.55000000 0.28891595
11.65000000 0.30561584
11.75000000 0.30681241
11.85000000 0.29525607
11.95000000 0.26954822
12.05000000 0.23550687
12.15000000 0.19869306
12.25000000 0.15968912
12.35000000 0.12610829
12.45000000 0.10224303
12.55000000 0.08645271
12.65000000 0.07573606
12.75000000 0.06557125
12.85000000 0.05125184
12.95000000 0.03439096
13.05000000 0.01054171
13.15000000 -0.01250194
13.25000000 -0.04164515
13.35000000 -0.06907615
13.45000000 -0.08914885
13.55000000 -0.10047601
13.65000000 -0.09606715
13.75000000 -0.08033094
13.85000000 -0.05344436
13.95000000 -0.02248057
105
3.55000000 12.76313360
3.65000000 10.11698059
3.75000000 7.54287739
3.85000000 5.83254176
3.95000000 4.44830161
4.05000000 3.30177810
4.15000000 2.32115877
4.25000000 1.51446475
4.35000000 0.85161958
4.45000000 0.32131808
4.55000000 -0.09429172
4.65000000 -0.42603311
4.75000000 -0.70875979
4.85000000 -0.96802875
4.95000000 -1.21204622
5.05000000 -1.42536196
5.15000000 -1.57628306
5.25000000 -1.65440418
5.35000000 -1.65506904
5.45000000 -1.60539444
5.55000000 -1.51368398
5.65000000 -1.39436166
5.75000000 -1.26428790
5.85000000 -1.11521514
5.95000000 -0.94327250
6.05000000 -0.76880868
6.15000000 -0.59677705
6.25000000 -0.43933175
6.35000000 -0.28999954
6.45000000 -0.17751213
6.55000000 -0.11778275
6.65000000 -0.10377317
6.75000000 -0.11614776
6.85000000 -0.17727624
6.95000000 -0.23843857
7.05000000 -0.32371473
7.15000000 -0.39329317
7.25000000 -0.47184542
7.35000000 -0.53023288
7.45000000 -0.58234281
7.55000000 -0.62663846
7.65000000 -0.65865910
7.75000000 -0.67805623
7.85000000 -0.70111921
7.95000000 -0.71362026
8.05000000 -0.71687404
8.15000000 -0.71120668
8.25000000 -0.70098418
8.35000000 -0.69088306
8.45000000 -0.66521521
8.55000000 -0.63386426
8.65000000 -0.58753786
8.75000000 -0.54226382
8.85000000 -0.48798591
8.95000000 -0.42857318
9.05000000 -0.36430611
9.15000000 -0.30441659
9.25000000 -0.24719969
9.35000000 -0.19159075
9.45000000 -0.14336932
9.55000000 -0.10666013
9.65000000 -0.07788765
9.75000000 -0.05206520
9.85000000 -0.02954269
9.95000000 -0.01502235
10.05000000 0.00142439
10.15000000 0.02017141
10.25000000 0.04321591
10.35000000 0.06731195
10.45000000 0.09904701
10.55000000 0.12585203
10.65000000 0.15272760
10.75000000 0.17429647
10.85000000 0.19354856
10.95000000 0.19572763
11.05000000 0.19120933
11.15000000 0.18886467
11.25000000 0.20446730
11.35000000 0.23340756
11.45000000 0.26215197
11.55000000 0.29273604
11.65000000 0.30894561
11.75000000 0.31035205
11.85000000 0.29834808
11.95000000 0.27222672
12.05000000 0.23747737
12.15000000 0.20004694
12.25000000 0.16053740
12.35000000 0.12680681
12.45000000 0.10348052
12.55000000 0.08666041
12.65000000 0.07573369
12.75000000 0.06627120
12.85000000 0.05161343
12.95000000 0.03574168
13.05000000 0.01130178
13.15000000 -0.01079416
13.25000000 -0.03926612
13.35000000 -0.06683891
13.45000000 -0.08632379
13.55000000 -0.09759593
13.65000000 -0.09247037
13.75000000 -0.07743434
13.85000000 -0.04948402
13.95000000 -0.01951956
105
3.55000000 12.79316472
3.65000000 10.15730653
3.75000000 7.58992390
3.85000000 5.86916173
3.95000000 4.48486423
4.05000000 3.33283940
4.15000000 2.35252603
4.25000000 1.54244932
4.35000000 0.87524869
4.45000000 0.34439520
4.55000000 -0.07527136
4.65000000 -0.40655790
4.75000000 -0.69094203
4.85000000 -0.95257190
4.95000000 -1.19773973
5.05000000 -1.41220429
5.15000000 -1.56575440
5.25000000 -1.64474264
5.35000000 -1.64682934
5.45000000 -1.59796652
5.55000000 -1.50607373
5.65000000 -1.38872611
5.75000000 -1.25798743
5.85000000 -1.11005180
5.95000000 -0.93729674
6.05000000 -0.76237312
6.15000000 -0.58873600
6.25000000 -0.43168581
6.35000000 -0.28196893
6.45000000 -0.16767410
6.55000000 -0.10660737
6.65000000 -0.09283997
6.75000000 -0.10661941
6.85000000 -0.16595667
6.95000000 -0.22950271
7.05000000 -0.31385695
7.15000000 -0.38544246
7.25000000 -0.46320623
7.35000000 -0.52449654
7.45000000 -0.57804611
7.55000000 -0.61925930
7.65000000 -0.65328267
7.75000000 -0.67470654
7.85000000 -0.69666987
7.95000000 -0.71072013
8.05000000 -0.71459173
8.15000000 -0.70823592
8.25000000 -0.70027258
8.35000000 -0.68785212
8.45000000 -0.66276581
8.55000000 -0.63030857
8.65000000 -0.58625374
8.75000000 -0.53990068
8.85000000 -0.48694425
8.95000000 -0.42665745
9.05000000 -0.36295091
9.15000000 -0.30212679
9.25000000 -0.24521447
9.35000000 -0.18752806
9.45000000 -0.14089483
9.55000000 -0.10502899
9.65000000 -0.07691055
9.75000000 -0.05024338
9.85000000 -0.02843413
9.95000000 -0.01422056
10.05000000 0.00278773
10.15000000 0.02043035
10.25000000 0.04305289
10.35000000 0.06643506
10.45000000 0.09740659
10.55000000 0.12395602
10.65000000 0.15174232
10.75000000 0.17322653
10.85000000 0.19229669
10.95000000 0.19529655
11.05000000 0.19016384
11.15000000 0.18952730
11.25000000 0.20418349
11.35000000 0.23410902
11.45000000 0.26336621
11.55000000 0.29293752
11.65000000 0.30914959
11.75000000 0.31012758
11.85000000 0.29810321
11.95000000 0.27265241
12.05000000 0.23843710
12.15000000 0.20072365
12.25000000 0.16020859
12.35000000 0.12727762
12.45000000 0.10416336
12.55000000 0.08721336
12.65000000 0.07661098
12.75000000 0.06680092
12.85000000 0.05186200
12.95000000 0.03490020
13.05000000 0.01065094
13.15000000 -0.01174175
13.25000000 -0.03911138
13.35000000 -0.06667609
13.45000000 -0.08721758
13.55000000 -0.09844147
13.65000000 -0.09306374
13.75000000 -0.07747500
13.85000000 -0.04899610
13.95000000 -0.01844357
105
3.55000000 12.78092319
3.65000000 10.14737246
3.75000000 7.57734592
3.85000000 5.85686775
3.95000000 4.47362065
4.05000000 3.32403583
4.15000000 2.34431800
4.25000000 1.53533108
4.35000000 0.86780458
4.45000000 0.33685016
4.55000000 -0.08173710
4.65000000 -0.41278427
4.75000000 -0.69656647
4.85000000 -0.95875198
4.95000000 -1.20220643
5.05000000 -1.41683388
5.15000000 -1.56938826
5.25000000 -1.64923679
5.35000000 -1.65159903
5.45000000 -1.60286924
5.55000000 -1.50983881
5.65000000 -1.39173925
5.75000000 -1.26037771
5.85000000 -1.11142367
5.95000000 -0.93962502
6.05000000 -0.76353741
6.15000000 -0.59054762
6.25000000 -0.43027836
6.35000000 -0.28372815
6.45000000 -0.16636750
6.55000000 -0.10517296
6.65000000 -0.09119815
6.75000000 -0.10483644
6.85000000 -0.16077826
6.95000000 -0.22464728
7.05000000 -0.30825566
7.15000000 -0.37950373
7.25000000 -0.45759973
7.35000000 -0.51769629
7.45000000 -0.57202644
7.55000000 -0.61140803
7.65000000 -0.64668097
7.75000000 -0.66838191
7.85000000 -0.68905369
7.95000000 -0.70366116
8.05000000 -0.70606085
8.15000000 -0.70086592
8.25000000 -0.69423763
8.35000000 -0.67968286
8.45000000 -0.65596791
8.55000000 -0.62282784
8.65000000 -0.57942430
8.75000000 -0.53192790
8.85000000 -0.47951078
8.95000000 -0.41828625
9.05000000 -0.35444924
9.15000000 -0.29274159
9.25000000 -0.23620728
9.35000000 -0.17808780
9.45000000 -0.13132340
9.55000000 -0.09574290
9.65000000 -0.06726733
9.75000000 -0.04018887
9.85000000 -0.01964473
9.95000000 -0.00423714
10.05000000 0.01196660
10.15000000 0.02917643
10.25000000 0.05296057
10.35000000 0.07551915
10.45000000 0.10634716
10.55000000 0.13359906
10.65000000 0.16149988
10.75000000 0.18266661
10.85000000 0.20205004
10.95000000 0.20534322
11.05000000 0.20058220
11.15000000 0.19885977
11.25000000 0.21217742
11.35000000 0.24203014
11.45000000 0.27183826
11.55000000 0.30044470
11.65000000 0.31741818
11.75000000 0.31856403
11.85000000 0.30516523
11.95000000 0.27921973
12.05000000 0.24558583
12.15000000 0.20758803
12.25000000 0.16619041
12.35000000 0.13351940
12.45000000 0.10998931
12.55000000 0.09176673
12.65000000 0.08186218
12.75000000 0.07194933
12.85000000 0.05711190
12.95000000 0.03977586
13.05000000 0.01631038
13.15000000 -0.00711096
13.25000000 -0.03446035
13.35000000 -0.06263820
13.45000000 -0.08196254
13.55000000 -0.09315235
13.65000000 -0.08942440
13.75000000 -0.07443671
13.85000000 -0.04588024
13.95000000 -0.01618555
105
3.55000000 12.76006009
3.65000000 10.14838584
3.75000000 7.57694654
3.85000000 5.85891531
3.95000000 4.47556952
4.05000000 3.32637532
4.15000000 2.34845727
4.25000000 1.54035519
4.35000000 0.87331934
4.45000000 0.34373855
4.55000000 -0.07461417
4.65000000 -0.40707849
4.75000000 -0.69065731
4.85000000 -0.95175703
4.95000000 -1.19456473
5.05000000 -1.41045468
5.15000000 -1.56174754
5.25000000 -1.64286668
5.35000000 -1.64345617
5.45000000 -1.59537327
5.55000000 -1.50173931
5.65000000 -1.38280436
5.75000000 -1.25520871
5.85000000 -1.10535514
5.95000000 -0.93201711
6.05000000 -0.75615629
6.15000000 -0.58301219
6.25000000 -0.42465010
6.35000000 -0.27758359
6.45000000 -0.16117917
6.55000000 -0.10099043
6.65000000 -0.08817910
6.75000000 -0.10324812
6.85000000 -0.15474031
6.95000000 -0.22333244
7.05000000 -0.30782505
7.15000000 -0.38051963
7.25000000 -0.45994065
7.35000000 -0.51759799
7.45000000 -0.57233063
7.55000000 -0.61087481
7.65000000 -0.64766132
7.75000000 -0.66906812
7.85000000 -0.68977733
7.95000000 -0.70559114
8.05000000 -0.70864362
8.15000000 -0.70391243
8.25000000 -0.69752427
8.35000000 -0.68293529
8.45000000 -0.65991769
8.55000000 -0.62639879
8.65000000 -0.58372007
8.75000000 -0.53451398
8.85000000 -0.48250659
8.95000000 -0.42233980
9.05000000 -0.35946844
9.15000000 -0.29757620
9.25000000 -0.24123782
9.35000000 -0.18289795
9.45000000 -0.13550929
9.55000000 -0.09745745
9.65000000 -0.06900997
9.75000000 -0.04278773
9.85000000 -0.02112161
9.95000000 -0.00530811
10.05000000 0.01178129
10.15000000 0.02932999
10.25000000 0.05351001
10.35000000 0.07758714
10.45000000 0.10835604
10.55000000 0.13690571
10.65000000 0.16571377
10.75000000 0.18707610
10.85000000 0.20544572
10.95000000 0.21048430
11.05000000 0.20511819
11.15000000 0.20344663
11.25000000 0.21768438
11.35000000 0.24753045
11.45000000 0.27742315
11.55000000 0.30665791
11.65000000 0.32491345
11.75000000 0.32577183
11.85000000 0.31264111
11.95000000 0.28746865
12.05000000 0.25325286
12.15000000 0.21453559
12.25000000 0.17354453
12.35000000 0.14149597
12.45000000 0.11712481
12.55000000 0.09844186
12.65000000 0.08773752
12.75000000 0.07777228
12.85000000 0.06210429
12.95000000 0.04374242
13.05000000 0.02048935
13.15000000 -0.00325708
13.25000000 -0.03105183
13.35000000 -0.05977977
13.45000000 -0.07896839
13.55000000 -0.09031392
13.65000000 -0.08743449
13.75000000 -0.07245511
13.85000000 -0.04403045
13.95000000 -0.01533707
105
3.55000000 12.79323591
3.65000000 10.18225514
3.75000000 7.60962747
3.85000000 5.89450032
3.95000000 4.51068721
4.05000000 3.36163607
4.15000000 2.38550710
4.25000000 1.57257553
4.35000000 0.90705556
4.45000000 0.37459195
4.55000000 -0.04384501
4.65000000 -0.37648152
4.75000000 -0.66182560
4.85000000 -0.92450181
4.95000000 -1.16816146
5.05000000 -1.38446332
5.15000000 -1.53730379
5.25000000 -1.61923248
5.35000000 -1.62043185
5.45000000 -1.57276587
5.55000000 -1.48083993
5.65000000 -1.36487582
5.75000000 -1.23593292
5.85000000 -1.08973620
5.95000000 -0.91954198
6.05000000 -0.74366148
6.15000000 -0.57414593
6.25000000 -0.41768283
6.35000000 -0.27110844
6.45000000 -0.15895962
6.55000000 -0.10182257
6.65000000 -0.09057731
6.75000000 -0.10693004
6.85000000 -0.15745906
6.95000000 -0.22664559
7.05000000 -0.30959723
7.15000000 -0.38324514
7.25000000 -0.46224089
7.35000000 -0.51908719
7.45000000 -0.57360092
7.55000000 -0.61101886
7.65000000 -0.64803836
7.75000000 -0.66690358
7.85000000 -0.68889019
7.95000000 -0.70441190
8.05000000 -0.70792402
8.15000000 -0.70244544
8.25000000 -0.69635316
8.35000000 -0.68140121
8.45000000 -0.65834702
8.55000000 -0.62495401
8.65000000 -0.58226340
8.75000000 -0.53272197
8.85000000 -0.48068376
8.95000000 -0.41853352
9.05000000 -0.35474190
9.15000000 -0.29197930
9.25000000 -0.23497684
9.35000000 -0.17647443
9.45000000 -0.12954708
9.55000000 -0.08938983
9.65000000 -0.05940770
9.75000000 -0.03369875
9.85000000 -0.01097689
9.95000000 0.00538132
10.05000000 0.02332447
10.15000000 0.04197642
10.25000000 0.06556641
10.35000000 0.09109107
10.45000000 0.12259147
10.55000000 0.15255582
10.65000000 0.18136060
10.75000000 0.20306258
10.85000000 0.22292981
10.95000000 0.22834216
11.05000000 0.22375110
11.15000000 0.22385408
11.25000000 0.23852355
11.35000000 0.26845875
11.45000000 0.29930722
11.55000000 0.32847278
11.65000000 0.34687014
11.75000000 0.34725990
11.85000000 0.33350241
11.95000000 0.30957580
12.05000000 0.27461780
12.15000000 0.23567834
12.25000000 0.19472740
12.35000000 0.16213826
12.45000000 0.13733045
12.55000000 0.11839288
12.65000000 0.10709108
12.75000000 0.09724247
12.85000000 0.08081183
12.95000000 0.06161401
13.05000000 0.03703051
13.15000000 0.01224825
13.25000000 -0.01556291
13.35000000 -0.04588613
13.45000000 -0.06723350
13.55000000 -0.07963268
13.65000000 -0.07733577
13.75000000 -0.06449741
13.85000000 -0.03684163
13.95000000 -0.00899964
105
3.55000000 12.83278552
3.65000000 10.23325805
3.75000000 7.64776976
3.85000000 5.93384349
3.95000000 4.54416117
4.05000000 3.39032719
4.15000000 2.41038385
4.25000000 1.59586065
4.35000000 0.92841916
4.45000000 0.39389055
4.55000000 -0.02753291
4.65000000 -0.36259579
4.75000000 -0.64844392
4.85000000 -0.91383081
4.95000000 -1.15953524
5.05000000 -1.37750711
5.15000000 -1.53223855
5.25000000 -1.61677523
5.35000000 -1.61985151
5.45000000 -1.57311174
5.55000000 -1.48274522
5.65000000 -1.36628163
5.75000000 -1.23859492
5.85000000 -1.09144435
5.95000000 -0.92341272
6.05000000 -0.74512858
6.15000000 -0.57559038
6.25000000 -0.41417686
6.35000000 -0.26721255
6.45000000 -0.15687416
6.55000000 -0.09446499
6.65000000 -0.08395633
6.75000000 -0.09832124
6.85000000 -0.15019522
6.95000000 -0.21778865
7.05000000 -0.30089685
7.15000000 -0.37526622
7.25000000 -0.45529031
7.35000000 -0.51249789
7.45000000 -0.56776113
7.55000000 -0.60523815
7.65000000 -0.64176852
7.75000000 -0.66124500
7.85000000 -0.68497732
7.95000000 -0.69656766
8.05000000 -0.70158764
8.15000000 -0.69701465
8.25000000 -0.68769924
8.35000000 -0.67324194
8.45000000 -0.65022846
8.55000000 -0.61603985
8.65000000 -0.57248297
8.75000000 -0.52223894
8.85000000 -0.46951553
8.95000000 -0.40594226
9.05000000 -0.34164122
9.15000000 -0.27957548
9.25000000 -0.22240293
9.35000000 -0.16175314
9.45000000 -0.11554803
9.55000000 -0.07512654
9.65000000 -0.04570741
9.75000000 -0.02118523
9.85000000 0.00201744
9.95000000 0.01671069
10.05000000 0.03400787
10.15000000 0.05061658
10.25000000 0.07466812
10.35000000 0.09959591
10.45000000 0.12955513
10.55000000 0.15816847
10.65000000 0.18679383
10.75000000 0.20806408
10.85000000 0.22670058
10.95000000 0.23121962
11.05000000 0.22705132
11.15000000 0.22690130
11.25000000 0.23964326
11.35000000 0.26960035
11.45000000 0.30040398
11.55000000 0.32879371
11.65000000 0.34634733
11.75000000 0.34693414
11.85000000 0.33174429
11.95000000 0.30737242
12.05000000 0.27352380
12.15000000 0.23424961
12.25000000 0.19433887
12.35000000 0.16072962
12.45000000 0.13605726
12.55000000 0.11676669
12.65000000 0.10654766
12.75000000 0.09583914
12.85000000 0.07991274
12.95000000 0.06050047
13.05000000 0.03612168
13.15000000 0.01130256
13.25000000 -0.01775316
13.35000000 -0.04727356
13.45000000 -0.06894106
13.55000000 -0.08138848
13.65000000 -0.07821722
13.75000000 -0.06483471
13.85000000 -0.03621572
13.95000000 -0.00813894
105
3.55000000 12.87250859
3.65000000 10.26290277
3.75000000 7.67748697
3.85000000 5.95918543
3.95000000 4.56733750
4.05000000 3.41123498
4.15000000 2.43028764
4.25000000 1.61485052
4.35000000 0.94556458
4.45000000 0.40962324
4.55000000 -0.01261505
4.65000000 -0.34936936
4.75000000 -0.63627883
4.85000000 -0.90238607
4.95000000 -1.14883964
5.05000000 -1.36729140
5.15000000 -1.52261662
5.25000000 -1.60873890
5.35000000 -1.61048613
5.45000000 -1.56620065
5.55000000 -1.47524511
5.65000000 -1.36143123
5.75000000 -1.23062154
5.85000000 -1.08751366
5.95000000 -0.91842185
6.05000000 -0.73682467
6.15000000 -0.56783326
6.25000000 -0.40683423
6.35000000 -0.25794293
6.45000000 -0.14713295
6.55000000 -0.08366588
6.65000000 -0.07232752
6.75000000 -0.08999833
6.85000000 -0.14164310
6.95000000 -0.20742167
7.05000000 -0.29074309
7.15000000 -0.36844368
7.25000000 -0.44831389
7.35000000 -0.50566705
7.45000000 -0.56184840
7.55000000 -0.60174002
7.65000000 -0.63878127
7.75000000 -0.65921595
7.85000000 -0.68285306
7.95000000 -0.69585767
8.05000000 -0.70260684
8.15000000 -0.69776911
8.25000000 -0.68881234
8.35000000 -0.67620777
8.45000000 -0.65378974
8.55000000 -0.61796703
8.65000000 -0.57715169
8.75000000 -0.52604703
8.85000000 -0.47314711
8.95000000 -0.41089247
9.05000000 -0.34810322
9.15000000 -0.28548077
9.25000000 -0.22813362
9.35000000 -0.16936333
9.45000000 -0.12312422
9.55000000 -0.08494531
9.65000000 -0.05612137
9.75000000 -0.03166769
9.85000000 -0.01047695
9.95000000 0.00397596
10.05000000 0.02118548
10.15000000 0.03695904
10.25000000 0.05948427
10.35000000 0.08246381
10.45000000 0.11240835
10.55000000 0.14018678
10.65000000 0.16871687
10.75000000 0.18858221
10.85000000 0.20667803
10.95000000 0.21124332
11.05000000 0.20677907
11.15000000 0.20690863
11.25000000 0.21907474
11.35000000 0.24936474
11.45000000 0.28040209
11.55000000 0.30785588
11.65000000 0.32693774
11.75000000 0.32815190
11.85000000 0.31384240
11.95000000 0.28998173
12.05000000 0.25706256
12.15000000 0.21860061
12.25000000 0.17971939
12.35000000 0.14736867
12.45000000 0.12306416
12.55000000 0.10607656
12.65000000 0.09615157
12.75000000 0.08664473
12.85000000 0.07140386
12.95000000 0.05182592
13.05000000 0.02945158
13.15000000 0.00416985
13.25000000 -0.02337952
13.35000000 -0.05126525
13.45000000 -0.07235459
13.55000000 -0.08387429
13.65000000 -0.07943290
13.75000000 -0.06447777
13.85000000 -0.03611038
13.95000000 -0.00650486
