 40
105
3.55000000 0.00870000
3.65000000 0.05310000
3.75000000 0.14750000
3.85000000 0.31480000
3.95000000 0.60450000
4.05000000 1.02790000
4.15000000 1.60050000
4.25000000 2.30460000
4.35000000 3.04020000
4.45000000 3.70940000
4.55000000 4.22680000
4.65000000 4.50260000
4.75000000 4.63650000
4.85000000 4.57920000
4.95000000 4.37620000
5.05000000 4.02500000
5.15000000 3.50360000
5.25000000 2.88350000
5.35000000 2.27270000
5.45000000 1.70020000
5.55000000 1.23380000
5.65000000 0.86920000
5.75000000 0.60020000
5.85000000 0.41550000
5.95000000 0.28830000
6.05000000 0.20650000
6.15000000 0.15280000
6.25000000 0.11760000
6.35000000 0.09540000
6.45000000 0.08360000
6.55000000 0.07650000
6.65000000 0.07960000
6.75000000 0.08640000
6.85000000 0.09800000
6.95000000 0.11910000
7.05000000 0.15250000
7.15000000 0.20080000
7.25000000 0.27010000
7.35000000 0.36250000
7.45000000 0.48120000
7.55000000 0.62170000
7.65000000 0.78040000
7.75000000 0.95280000
7.85000000 1.11360000
7.95000000 1.24260000
8.05000000 1.34680000
8.15000000 1.39920000
8.25000000 1.41270000
8.35000000 1.40550000
8.45000000 1.38240000
8.55000000 1.35560000
8.65000000 1.32900000
8.75000000 1.32200000
8.85000000 1.30740000
8.95000000 1.27930000
9.05000000 1.24720000
9.15000000 1.20100000
9.25000000 1.15040000
9.35000000 1.08640000
9.45000000 1.03980000
9.55000000 0.98810000
9.65000000 0.95060000
9.75000000 0.90920000
9.85000000 0.87400000
9.95000000 0.82290000
10.05000000 0.76480000
10.15000000 0.69160000
10.25000000 0.61130000
10.35000000 0.52840000
10.45000000 0.44590000
10.55000000 0.37890000
10.65000000 0.32110000
10.75000000 0.28010000
10.85000000 0.25680000
10.95000000 0.25080000
11.05000000 0.26070000
11.15000000 0.28850000
11.25000000 0.33290000
11.35000000 0.39160000
11.45000000 0.46710000
11.55000000 0.55410000
11.65000000 0.65380000
11.75000000 0.76650000
11.85000000 0.88070000
11.95000000 0.99980000
12.05000000 1.10740000
12.15000000 1.19660000
12.25000000 1.26800000
12.35000000 1.30380000
12.45000000 1.31080000
12.55000000 1.29480000
12.65000000 1.26590000
12.75000000 1.23210000
12.85000000 1.20030000
12.95000000 1.17960000
13.05000000 1.17050000
13.15000000 1.16890000
13.25000000 1.17460000
13.35000000 1.17620000
13.45000000 1.17090000
13.55000000 1.14450000
13.65000000 1.11000000
13.75000000 1.05280000
13.85000000 0.98510000
13.95000000 0.92120000
105
3.55000000 0.02580000
3.65000000 0.13420000
3.75000000 0.33430000
3.85000000 0.63270000
3.95000000 1.01380000
4.05000000 1.46770000
4.15000000 1.99960000
4.25000000 2.51980000
4.35000000 2.98820000
4.45000000 3.33510000
4.55000000 3.56090000
4.65000000 3.63720000
4.75000000 3.64100000
4.85000000 3.58140000
4.95000000 3.45490000
5.05000000 3.28900000
5.15000000 3.05050000
5.25000000 2.73680000
5.35000000 2.36940000
5.45000000 2.02090000
5.55000000 1.67870000
5.65000000 1.38000000
5.75000000 1.12560000
5.85000000 0.92220000
5.95000000 0.74190000
6.05000000 0.59630000
6.15000000 0.48120000
6.25000000 0.39050000
6.35000000 0.33160000
6.45000000 0.29190000
6.55000000 0.26900000
6.65000000 0.25410000
6.75000000 0.25890000
6.85000000 0.27630000
6.95000000 0.29960000
7.05000000 0.33320000
7.15000000 0.37040000
7.25000000 0.41690000
7.35000000 0.46760000
7.45000000 0.52480000
7.55000000 0.58970000
7.65000000 0.65630000
7.75000000 0.72900000
7.85000000 0.81000000
7.95000000 0.89750000
8.05000000 0.99050000
8.15000000 1.08380000
8.25000000 1.18050000
8.35000000 1.26330000
8.45000000 1.33010000
8.55000000 1.36670000
8.65000000 1.38180000
8.75000000 1.36690000
8.85000000 1.33330000
8.95000000 1.28070000
9.05000000 1.22240000
9.15000000 1.16590000
9.25000000 1.10810000
9.35000000 1.05640000
9.45000000 1.00170000
9.55000000 0.94160000
9.65000000 0.88340000
9.75000000 0.82950000
9.85000000 0.76800000
9.95000000 0.71840000
10.05000000 0.66590000
10.15000000 0.62320000
10.25000000 0.58820000
10.35000000 0.55710000
10.45000000 0.53010000
10.55000000 0.51410000
10.65000000 0.50850000
10.75000000 0.51060000
10.85000000 0.52140000
10.95000000 0.54340000
11.05000000 0.56930000
11.15000000 0.59400000
11.25000000 0.61550000
11.35000000 0.63420000
11.45000000 0.64410000
11.55000000 0.65870000
11.65000000 0.67730000
11.75000000 0.69310000
11.85000000 0.72870000
11.95000000 0.76690000
12.05000000 0.80850000
12.15000000 0.86280000
12.25000000 0.91900000
12.35000000 0.97270000
12.45000000 1.02350000
12.55000000 1.06540000
12.65000000 1.10180000
12.75000000 1.13180000
12.85000000 1.15390000
12.95000000 1.17670000
13.05000000 1.18310000
13.15000000 1.18750000
13.25000000 1.17930000
13.35000000 1.16870000
13.45000000 1.15560000
13.55000000 1.13430000
13.65000000 1.09950000
13.75000000 1.06380000
13.85000000 1.02760000
13.95000000 0.99250000
105
3.55000000 0.02730000
3.65000000 0.13450000
3.75000000 0.33700000
3.85000000 0.62450000
3.95000000 1.01210000
4.05000000 1.46250000
4.15000000 1.95290000
4.25000000 2.44320000
4.35000000 2.88910000
4.45000000 3.23160000
4.55000000 3.39490000
4.65000000 3.49540000
4.75000000 3.46800000
4.85000000 3.41440000
4.95000000 3.33610000
5.05000000 3.19100000
5.15000000 2.97210000
5.25000000 2.70940000
5.35000000 2.38830000
5.45000000 2.04590000
5.55000000 1.72700000
5.65000000 1.44280000
5.75000000 1.20430000
5.85000000 0.99150000
5.95000000 0.81000000
6.05000000 0.65730000
6.15000000 0.54840000
6.25000000 0.45810000
6.35000000 0.39040000
6.45000000 0.34140000
6.55000000 0.31260000
6.65000000 0.30070000
6.75000000 0.29740000
6.85000000 0.30480000
6.95000000 0.32560000
7.05000000 0.35140000
7.15000000 0.38960000
7.25000000 0.43640000
7.35000000 0.48200000
7.45000000 0.53480000
7.55000000 0.59830000
7.65000000 0.66640000
7.75000000 0.74400000
7.85000000 0.82220000
7.95000000 0.90500000
8.05000000 0.98460000
8.15000000 1.06560000
8.25000000 1.14420000
8.35000000 1.21410000
8.45000000 1.26640000
8.55000000 1.29850000
8.65000000 1.31480000
8.75000000 1.30870000
8.85000000 1.28200000
8.95000000 1.24640000
9.05000000 1.20400000
9.15000000 1.15910000
9.25000000 1.11330000
9.35000000 1.06450000
9.45000000 1.00340000
9.55000000 0.96080000
9.65000000 0.91060000
9.75000000 0.85750000
9.85000000 0.80900000
9.95000000 0.76810000
10.05000000 0.72600000
10.15000000 0.68570000
10.25000000 0.64760000
10.35000000 0.61630000
10.45000000 0.59160000
10.55000000 0.57210000
10.65000000 0.55910000
10.75000000 0.55200000
10.85000000 0.55230000
10.95000000 0.55640000
11.05000000 0.56330000
11.15000000 0.57930000
11.25000000 0.59050000
11.35000000 0.60420000
11.45000000 0.61830000
11.55000000 0.63360000
11.65000000 0.65730000
11.75000000 0.68700000
11.85000000 0.72540000
11.95000000 0.76460000
12.05000000 0.81520000
12.15000000 0.86850000
12.25000000 0.92330000
12.35000000 0.97360000
12.45000000 1.01590000
12.55000000 1.05330000
12.65000000 1.07610000
12.75000000 1.09900000
12.85000000 1.11270000
12.95000000 1.12150000
13.05000000 1.13070000
13.15000000 1.13100000
13.25000000 1.13260000
13.35000000 1.13020000
13.45000000 1.11740000
13.55000000 1.10300000
13.65000000 1.08150000
13.75000000 1.06060000
13.85000000 1.03570000
13.95000000 1.01390000
105
3.55000000 0.02400000
3.65000000 0.12110000
3.75000000 0.29920000
3.85000000 0.56470000
3.95000000 0.92890000
4.05000000 1.37220000
4.15000000 1.87540000
4.25000000 2.36290000
4.35000000 2.79630000
4.45000000 3.14290000
4.55000000 3.34050000
4.65000000 3.44060000
4.75000000 3.42170000
4.85000000 3.37400000
4.95000000 3.28140000
5.05000000 3.15030000
5.15000000 2.96270000
5.25000000 2.67600000
5.35000000 2.34890000
5.45000000 2.01990000
5.55000000 1.69670000
5.65000000 1.42260000
5.75000000 1.17550000
5.85000000 0.96430000
5.95000000 0.78590000
6.05000000 0.64180000
6.15000000 0.52130000
6.25000000 0.43990000
6.35000000 0.37630000
6.45000000 0.32610000
6.55000000 0.30220000
6.65000000 0.28900000
6.75000000 0.29080000
6.85000000 0.29530000
6.95000000 0.31860000
7.05000000 0.34470000
7.15000000 0.38360000
7.25000000 0.43010000
7.35000000 0.48470000
7.45000000 0.54400000
7.55000000 0.60950000
7.65000000 0.68800000
7.75000000 0.75280000
7.85000000 0.83390000
7.95000000 0.91340000
8.05000000 0.99020000
8.15000000 1.06370000
8.25000000 1.12990000
8.35000000 1.19550000
8.45000000 1.23700000
8.55000000 1.27570000
8.65000000 1.28690000
8.75000000 1.28300000
8.85000000 1.27370000
8.95000000 1.24930000
9.05000000 1.21540000
9.15000000 1.17160000
9.25000000 1.12710000
9.35000000 1.08980000
9.45000000 1.04100000
9.55000000 1.00160000
9.65000000 0.94820000
9.75000000 0.89980000
9.85000000 0.85340000
9.95000000 0.80630000
10.05000000 0.76820000
10.15000000 0.72960000
10.25000000 0.69200000
10.35000000 0.65960000
10.45000000 0.63220000
10.55000000 0.60670000
10.65000000 0.58830000
10.75000000 0.57720000
10.85000000 0.57320000
10.95000000 0.57970000
11.05000000 0.59300000
11.15000000 0.60910000
11.25000000 0.62500000
11.35000000 0.63820000
11.45000000 0.65450000
11.55000000 0.67400000
11.65000000 0.70290000
11.75000000 0.73110000
11.85000000 0.76700000
11.95000000 0.81340000
12.05000000 0.86350000
12.15000000 0.91150000
12.25000000 0.95410000
12.35000000 0.99750000
12.45000000 1.03650000
12.55000000 1.06220000
12.65000000 1.08420000
12.75000000 1.10030000
12.85000000 1.10890000
12.95000000 1.11770000
13.05000000 1.12670000
13.15000000 1.12800000
13.25000000 1.13540000
13.35000000 1.13670000
13.45000000 1.13010000
13.55000000 1.11900000
13.65000000 1.09960000
13.75000000 1.07820000
13.85000000 1.05310000
13.95000000 1.02410000
105
3.55000000 0.02830000
3.65000000 0.13190000
3.75000000 0.33010000
3.85000000 0.63410000
3.95000000 0.99500000
4.05000000 1.45120000
4.15000000 1.92250000
4.25000000 2.40560000
4.35000000 2.79410000
4.45000000 3.08230000
4.55000000 3.24220000
4.65000000 3.26940000
4.75000000 3.22300000
4.85000000 3.14620000
4.95000000 3.03550000
5.05000000 2.90700000
5.15000000 2.69210000
5.25000000 2.45690000
5.35000000 2.14880000
5.45000000 1.85510000
5.55000000 1.57920000
5.65000000 1.33300000
5.75000000 1.12120000
5.85000000 0.93550000
5.95000000 0.78810000
6.05000000 0.66400000
6.15000000 0.55800000
6.25000000 0.48740000
6.35000000 0.42450000
6.45000000 0.38700000
6.55000000 0.36360000
6.65000000 0.35330000
6.75000000 0.35440000
6.85000000 0.36900000
6.95000000 0.38950000
7.05000000 0.42830000
7.15000000 0.46780000
7.25000000 0.51630000
7.35000000 0.56690000
7.45000000 0.63320000
7.55000000 0.69490000
7.65000000 0.75870000
7.75000000 0.83340000
7.85000000 0.90340000
7.95000000 0.97730000
8.05000000 1.04030000
8.15000000 1.09900000
8.25000000 1.15130000
8.35000000 1.19320000
8.45000000 1.22380000
8.55000000 1.23550000
8.65000000 1.23960000
8.75000000 1.22400000
8.85000000 1.20060000
8.95000000 1.17210000
9.05000000 1.13710000
9.15000000 1.09210000
9.25000000 1.05490000
9.35000000 1.00200000
9.45000000 0.95730000
9.55000000 0.91540000
9.65000000 0.88000000
9.75000000 0.83410000
9.85000000 0.79380000
9.95000000 0.75700000
10.05000000 0.72110000
10.15000000 0.68740000
10.25000000 0.65860000
10.35000000 0.62850000
10.45000000 0.61530000
10.55000000 0.59840000
10.65000000 0.59190000
10.75000000 0.59430000
10.85000000 0.60270000
10.95000000 0.61700000
11.05000000 0.63600000
11.15000000 0.66160000
11.25000000 0.68260000
11.35000000 0.70610000
11.45000000 0.72510000
11.55000000 0.74940000
11.65000000 0.77220000
11.75000000 0.80040000
11.85000000 0.83270000
11.95000000 0.86990000
12.05000000 0.90650000
12.15000000 0.94410000
12.25000000 0.97770000
12.35000000 1.00940000
12.45000000 1.02940000
12.55000000 1.04080000
12.65000000 1.04590000
12.75000000 1.04400000
12.85000000 1.04460000
12.95000000 1.04720000
13.05000000 1.03880000
13.15000000 1.03920000
13.25000000 1.03860000
13.35000000 1.03690000
13.45000000 1.03490000
13.55000000 1.02370000
13.65000000 1.00990000
13.75000000 0.98840000
13.85000000 0.97180000
13.95000000 0.95410000
105
3.55000000 0.02260000
3.65000000 0.09940000
3.75000000 0.25190000
3.85000000 0.48980000
3.95000000 0.80950000
4.05000000 1.21720000
4.15000000 1.68870000
4.25000000 2.16290000
4.35000000 2.62160000
4.45000000 2.96010000
4.55000000 3.17860000
4.65000000 3.30260000
4.75000000 3.33280000
4.85000000 3.31120000
4.95000000 3.24610000
5.05000000 3.12240000
5.15000000 2.93190000
5.25000000 2.63650000
5.35000000 2.30170000
5.45000000 1.95280000
5.55000000 1.64020000
5.65000000 1.34520000
5.75000000 1.09550000
5.85000000 0.89180000
5.95000000 0.72350000
6.05000000 0.58940000
6.15000000 0.48330000
6.25000000 0.40290000
6.35000000 0.34160000
6.45000000 0.30760000
6.55000000 0.28630000
6.65000000 0.27770000
6.75000000 0.28050000
6.85000000 0.29480000
6.95000000 0.32000000
7.05000000 0.35370000
7.15000000 0.39630000
7.25000000 0.44790000
7.35000000 0.50700000
7.45000000 0.57300000
7.55000000 0.64160000
7.65000000 0.72320000
7.75000000 0.79920000
7.85000000 0.88070000
7.95000000 0.95140000
8.05000000 1.03200000
8.15000000 1.09910000
8.25000000 1.15890000
8.35000000 1.19380000
8.45000000 1.23150000
8.55000000 1.25270000
8.65000000 1.25240000
8.75000000 1.23970000
8.85000000 1.22590000
8.95000000 1.19800000
9.05000000 1.16350000
9.15000000 1.12750000
9.25000000 1.08560000
9.35000000 1.04660000
9.45000000 1.00300000
9.55000000 0.96450000
9.65000000 0.92480000
9.75000000 0.88850000
9.85000000 0.85560000
9.95000000 0.81630000
10.05000000 0.78290000
10.15000000 0.74740000
10.25000000 0.71370000
10.35000000 0.68060000
10.45000000 0.64740000
10.55000000 0.62450000
10.65000000 0.60580000
10.75000000 0.59430000
10.85000000 0.59340000
10.95000000 0.60160000
11.05000000 0.62780000
11.15000000 0.64580000
11.25000000 0.67550000
11.35000000 0.69580000
11.45000000 0.72020000
11.55000000 0.74830000
11.65000000 0.77050000
11.75000000 0.80540000
11.85000000 0.84280000
11.95000000 0.87990000
12.05000000 0.92860000
12.15000000 0.97070000
12.25000000 1.01410000
12.35000000 1.04980000
12.45000000 1.07070000
12.55000000 1.09360000
12.65000000 1.09620000
12.75000000 1.09540000
12.85000000 1.10120000
12.95000000 1.10090000
13.05000000 1.09660000
13.15000000 1.10030000
13.25000000 1.09630000
13.35000000 1.09120000
13.45000000 1.08280000
13.55000000 1.07170000
13.65000000 1.05050000
13.75000000 1.02980000
13.85000000 0.99860000
13.95000000 0.97390000
105
3.55000000 0.02440000
3.65000000 0.11070000
3.75000000 0.27440000
3.85000000 0.52420000
3.95000000 0.84550000
4.05000000 1.25700000
4.15000000 1.69990000
4.25000000 2.16930000
4.35000000 2.57780000
4.45000000 2.89190000
4.55000000 3.11080000
4.65000000 3.21270000
4.75000000 3.21000000
4.85000000 3.18870000
4.95000000 3.13790000
5.05000000 3.00300000
5.15000000 2.83420000
5.25000000 2.57060000
5.35000000 2.26810000
5.45000000 1.93360000
5.55000000 1.64380000
5.65000000 1.36830000
5.75000000 1.13210000
5.85000000 0.93710000
5.95000000 0.77180000
6.05000000 0.62920000
6.15000000 0.52570000
6.25000000 0.44270000
6.35000000 0.38520000
6.45000000 0.34220000
6.55000000 0.31570000
6.65000000 0.30620000
6.75000000 0.30560000
6.85000000 0.31860000
6.95000000 0.34030000
7.05000000 0.36990000
7.15000000 0.40750000
7.25000000 0.45730000
7.35000000 0.51090000
7.45000000 0.57320000
7.55000000 0.63920000
7.65000000 0.71180000
7.75000000 0.77840000
7.85000000 0.86000000
7.95000000 0.93290000
8.05000000 0.99960000
8.15000000 1.06040000
8.25000000 1.11170000
8.35000000 1.16200000
8.45000000 1.19850000
8.55000000 1.21860000
8.65000000 1.22640000
8.75000000 1.22250000
8.85000000 1.21090000
8.95000000 1.18690000
9.05000000 1.15590000
9.15000000 1.12590000
9.25000000 1.09170000
9.35000000 1.05120000
9.45000000 1.01740000
9.55000000 0.98110000
9.65000000 0.93960000
9.75000000 0.91090000
9.85000000 0.87530000
9.95000000 0.83870000
10.05000000 0.80680000
10.15000000 0.76960000
10.25000000 0.73610000
10.35000000 0.70620000
10.45000000 0.67480000
10.55000000 0.65000000
10.65000000 0.63210000
10.75000000 0.62200000
10.85000000 0.61770000
10.95000000 0.62480000
11.05000000 0.63650000
11.15000000 0.65720000
11.25000000 0.67290000
11.35000000 0.69490000
11.45000000 0.71630000
11.55000000 0.73530000
11.65000000 0.75810000
11.75000000 0.78980000
11.85000000 0.82430000
11.95000000 0.86530000
12.05000000 0.90700000
12.15000000 0.95200000
12.25000000 0.98650000
12.35000000 1.01910000
12.45000000 1.04650000
12.55000000 1.06010000
12.65000000 1.07040000
12.75000000 1.07540000
12.85000000 1.07980000
12.95000000 1.08380000
13.05000000 1.09250000
13.15000000 1.09130000
13.25000000 1.09440000
13.35000000 1.09800000
13.45000000 1.09400000
13.55000000 1.08640000
13.65000000 1.07050000
13.75000000 1.04680000
13.85000000 1.02050000
13.95000000 0.99440000
105
3.55000000 0.02460000
3.65000000 0.10490000
3.75000000 0.27060000
3.85000000 0.50640000
3.95000000 0.82900000
4.05000000 1.22190000
4.15000000 1.69540000
4.25000000 2.14750000
4.35000000 2.58460000
4.45000000 2.91170000
4.55000000 3.10700000
4.65000000 3.21720000
4.75000000 3.24560000
4.85000000 3.22390000
4.95000000 3.16010000
5.05000000 3.04280000
5.15000000 2.84740000
5.25000000 2.59340000
5.35000000 2.27500000
5.45000000 1.95250000
5.55000000 1.63760000
5.65000000 1.35930000
5.75000000 1.12920000
5.85000000 0.92930000
5.95000000 0.75390000
6.05000000 0.63020000
6.15000000 0.51800000
6.25000000 0.43980000
6.35000000 0.38130000
6.45000000 0.33650000
6.55000000 0.31430000
6.65000000 0.30050000
6.75000000 0.30130000
6.85000000 0.31440000
6.95000000 0.33930000
7.05000000 0.36940000
7.15000000 0.40810000
7.25000000 0.45780000
7.35000000 0.51360000
7.45000000 0.57800000
7.55000000 0.64530000
7.65000000 0.71990000
7.75000000 0.79230000
7.85000000 0.85910000
7.95000000 0.93660000
8.05000000 1.00000000
8.15000000 1.06140000
8.25000000 1.12130000
8.35000000 1.16470000
8.45000000 1.19480000
8.55000000 1.21730000
8.65000000 1.22350000
8.75000000 1.21980000
8.85000000 1.20540000
8.95000000 1.18230000
9.05000000 1.15780000
9.15000000 1.12750000
9.25000000 1.09260000
9.35000000 1.04980000
9.45000000 1.02110000
9.55000000 0.98790000
9.65000000 0.94730000
9.75000000 0.91080000
9.85000000 0.87660000
9.95000000 0.84460000
10.05000000 0.80970000
10.15000000 0.77260000
10.25000000 0.73720000
10.35000000 0.70300000
10.45000000 0.66800000
10.55000000 0.63960000
10.65000000 0.61790000
10.75000000 0.60900000
10.85000000 0.59990000
10.95000000 0.60320000
11.05000000 0.62160000
11.15000000 0.63740000
11.25000000 0.66040000
11.35000000 0.68270000
11.45000000 0.70210000
11.55000000 0.72560000
11.65000000 0.75380000
11.75000000 0.78370000
11.85000000 0.81920000
11.95000000 0.86010000
12.05000000 0.90050000
12.15000000 0.94140000
12.25000000 0.98710000
12.35000000 1.01750000
12.45000000 1.04430000
12.55000000 1.06200000
12.65000000 1.07550000
12.75000000 1.07970000
12.85000000 1.08270000
12.95000000 1.08550000
13.05000000 1.09330000
13.15000000 1.09770000
13.25000000 1.09870000
13.35000000 1.10130000
13.45000000 1.10140000
13.55000000 1.09130000
13.65000000 1.07340000
13.75000000 1.05260000
13.85000000 1.02830000
13.95000000 1.00000000
105
3.55000000 0.02310000
3.65000000 0.09940000
3.75000000 0.25390000
3.85000000 0.49210000
3.95000000 0.81270000
4.05000000 1.22210000
4.15000000 1.68470000
4.25000000 2.15090000
4.35000000 2.60260000
4.45000000 2.94860000
4.55000000 3.17470000
4.65000000 3.27180000
4.75000000 3.32120000
4.85000000 3.29640000
4.95000000 3.20570000
5.05000000 3.11040000
5.15000000 2.88740000
5.25000000 2.63340000
5.35000000 2.29740000
5.45000000 1.96070000
5.55000000 1.63310000
5.65000000 1.35580000
5.75000000 1.10770000
5.85000000 0.89450000
5.95000000 0.72630000
6.05000000 0.58710000
6.15000000 0.48510000
6.25000000 0.40460000
6.35000000 0.34430000
6.45000000 0.30500000
6.55000000 0.28140000
6.65000000 0.27230000
6.75000000 0.27330000
6.85000000 0.28640000
6.95000000 0.30480000
7.05000000 0.33970000
7.15000000 0.38360000
7.25000000 0.43090000
7.35000000 0.49420000
7.45000000 0.55430000
7.55000000 0.62820000
7.65000000 0.70340000
7.75000000 0.78020000
7.85000000 0.85880000
7.95000000 0.93710000
8.05000000 1.00970000
8.15000000 1.06810000
8.25000000 1.11990000
8.35000000 1.16880000
8.45000000 1.20060000
8.55000000 1.22020000
8.65000000 1.23340000
8.75000000 1.23490000
8.85000000 1.21380000
8.95000000 1.19770000
9.05000000 1.16920000
9.15000000 1.13870000
9.25000000 1.10160000
9.35000000 1.06910000
9.45000000 1.03630000
9.55000000 0.99820000
9.65000000 0.96680000
9.75000000 0.93150000
9.85000000 0.89510000
9.95000000 0.86020000
10.05000000 0.82540000
10.15000000 0.78940000
10.25000000 0.74980000
10.35000000 0.71560000
10.45000000 0.68010000
10.55000000 0.65090000
10.65000000 0.62720000
10.75000000 0.61050000
10.85000000 0.60120000
10.95000000 0.60750000
11.05000000 0.61460000
11.15000000 0.63700000
11.25000000 0.66040000
11.35000000 0.68310000
11.45000000 0.70660000
11.55000000 0.73000000
11.65000000 0.75860000
11.75000000 0.79350000
11.85000000 0.83440000
11.95000000 0.87510000
12.05000000 0.92070000
12.15000000 0.96520000
12.25000000 1.00460000
12.35000000 1.04790000
12.45000000 1.07220000
12.55000000 1.08750000
12.65000000 1.09990000
12.75000000 1.10510000
12.85000000 1.11020000
12.95000000 1.11190000
13.05000000 1.11130000
13.15000000 1.11850000
13.25000000 1.12310000
13.35000000 1.11800000
13.45000000 1.11090000
13.55000000 1.10400000
13.65000000 1.08580000
13.75000000 1.06120000
13.85000000 1.03340000
13.95000000 1.00600000
105
3.55000000 0.02530000
3.65000000 0.11500000
3.75000000 0.28460000
3.85000000 0.54140000
3.95000000 0.88270000
4.05000000 1.29600000
4.15000000 1.76670000
4.25000000 2.23750000
4.35000000 2.63750000
4.45000000 2.97150000
4.55000000 3.15750000
4.65000000 3.23630000
4.75000000 3.23830000
4.85000000 3.18910000
4.95000000 3.11820000
5.05000000 2.98380000
5.15000000 2.79150000
5.25000000 2.52230000
5.35000000 2.21910000
5.45000000 1.90660000
5.55000000 1.59030000
5.65000000 1.32330000
5.75000000 1.08970000
5.85000000 0.89890000
5.95000000 0.73930000
6.05000000 0.60570000
6.15000000 0.50270000
6.25000000 0.42450000
6.35000000 0.36670000
6.45000000 0.33050000
6.55000000 0.30910000
6.65000000 0.30120000
6.75000000 0.30580000
6.85000000 0.31920000
6.95000000 0.34170000
7.05000000 0.37760000
7.15000000 0.42190000
7.25000000 0.46870000
7.35000000 0.52390000
7.45000000 0.59300000
7.55000000 0.65880000
7.65000000 0.73230000
7.75000000 0.80420000
7.85000000 0.87680000
7.95000000 0.94860000
8.05000000 1.01610000
8.15000000 1.07910000
8.25000000 1.11760000
8.35000000 1.16230000
8.45000000 1.19480000
8.55000000 1.21100000
8.65000000 1.21670000
8.75000000 1.21740000
8.85000000 1.20180000
8.95000000 1.18470000
9.05000000 1.15240000
9.15000000 1.12820000
9.25000000 1.09150000
9.35000000 1.05200000
9.45000000 1.01350000
9.55000000 0.98390000
9.65000000 0.94590000
9.75000000 0.90990000
9.85000000 0.87190000
9.95000000 0.84010000
10.05000000 0.80700000
10.15000000 0.76940000
10.25000000 0.73030000
10.35000000 0.69380000
10.45000000 0.66390000
10.55000000 0.63800000
10.65000000 0.61590000
10.75000000 0.60250000
10.85000000 0.60320000
10.95000000 0.61200000
11.05000000 0.62490000
11.15000000 0.65070000
11.25000000 0.67650000
11.35000000 0.69780000
11.45000000 0.72250000
11.55000000 0.74820000
11.65000000 0.77700000
11.75000000 0.80800000
11.85000000 0.84680000
11.95000000 0.88660000
12.05000000 0.92570000
12.15000000 0.96880000
12.25000000 1.00670000
12.35000000 1.03590000
12.45000000 1.05890000
12.55000000 1.07290000
12.65000000 1.07690000
12.75000000 1.08210000
12.85000000 1.08140000
12.95000000 1.08570000
13.05000000 1.08790000
13.15000000 1.08980000
13.25000000 1.09170000
13.35000000 1.09430000
13.45000000 1.09000000
13.55000000 1.07710000
13.65000000 1.06450000
13.75000000 1.04050000
13.85000000 1.01170000
13.95000000 0.98520000
105
3.55000000 0.02720000
3.65000000 0.11680000
3.75000000 0.28590000
3.85000000 0.53750000
3.95000000 0.87110000
4.05000000 1.27110000
4.15000000 1.71470000
4.25000000 2.17010000
4.35000000 2.58360000
4.45000000 2.88240000
4.55000000 3.07260000
4.65000000 3.14810000
4.75000000 3.16220000
4.85000000 3.12300000
4.95000000 3.06070000
5.05000000 2.94280000
5.15000000 2.76550000
5.25000000 2.50080000
5.35000000 2.19870000
5.45000000 1.89140000
5.55000000 1.60300000
5.65000000 1.33990000
5.75000000 1.12270000
5.85000000 0.92580000
5.95000000 0.76040000
6.05000000 0.62540000
6.15000000 0.52580000
6.25000000 0.44970000
6.35000000 0.38800000
6.45000000 0.34880000
6.55000000 0.32520000
6.65000000 0.31550000
6.75000000 0.31550000
6.85000000 0.32730000
6.95000000 0.35130000
7.05000000 0.38110000
7.15000000 0.41720000
7.25000000 0.46660000
7.35000000 0.51960000
7.45000000 0.57660000
7.55000000 0.64040000
7.65000000 0.70770000
7.75000000 0.77450000
7.85000000 0.84410000
7.95000000 0.91360000
8.05000000 0.97560000
8.15000000 1.03540000
8.25000000 1.09300000
8.35000000 1.13810000
8.45000000 1.16500000
8.55000000 1.18790000
8.65000000 1.19060000
8.75000000 1.19070000
8.85000000 1.18010000
8.95000000 1.15830000
9.05000000 1.12430000
9.15000000 1.08720000
9.25000000 1.05540000
9.35000000 1.01860000
9.45000000 0.99000000
9.55000000 0.95390000
9.65000000 0.93020000
9.75000000 0.90210000
9.85000000 0.87770000
9.95000000 0.85490000
10.05000000 0.82300000
10.15000000 0.80000000
10.25000000 0.77380000
10.35000000 0.74780000
10.45000000 0.72130000
10.55000000 0.69710000
10.65000000 0.67840000
10.75000000 0.67040000
10.85000000 0.66580000
10.95000000 0.67230000
11.05000000 0.68900000
11.15000000 0.70490000
11.25000000 0.72540000
11.35000000 0.74180000
11.45000000 0.76110000
11.55000000 0.77950000
11.65000000 0.80390000
11.75000000 0.83010000
11.85000000 0.85800000
11.95000000 0.89360000
12.05000000 0.92690000
12.15000000 0.96870000
12.25000000 1.00040000
12.35000000 1.02870000
12.45000000 1.05210000
12.55000000 1.06450000
12.65000000 1.07520000
12.75000000 1.07400000
12.85000000 1.08480000
12.95000000 1.08570000
13.05000000 1.09040000
13.15000000 1.09490000
13.25000000 1.09560000
13.35000000 1.09880000
13.45000000 1.09590000
13.55000000 1.08600000
13.65000000 1.06920000
13.75000000 1.04370000
13.85000000 1.01750000
13.95000000 0.99140000
105
3.55000000 0.02550000
3.65000000 0.10580000
3.75000000 0.26260000
3.85000000 0.50300000
3.95000000 0.82290000
4.05000000 1.19980000
4.15000000 1.64020000
4.25000000 2.09300000
4.35000000 2.52320000
4.45000000 2.82660000
4.55000000 3.05660000
4.65000000 3.13780000
4.75000000 3.16070000
4.85000000 3.14370000
4.95000000 3.08550000
5.05000000 2.98600000
5.15000000 2.80530000
5.25000000 2.55600000
5.35000000 2.26120000
5.45000000 1.94610000
5.55000000 1.64810000
5.65000000 1.37150000
5.75000000 1.14010000
5.85000000 0.93710000
5.95000000 0.76850000
6.05000000 0.63250000
6.15000000 0.53350000
6.25000000 0.45300000
6.35000000 0.39140000
6.45000000 0.34790000
6.55000000 0.32140000
6.65000000 0.31370000
6.75000000 0.31410000
6.85000000 0.32800000
6.95000000 0.34870000
7.05000000 0.38090000
7.15000000 0.42780000
7.25000000 0.47620000
7.35000000 0.53020000
7.45000000 0.58230000
7.55000000 0.65650000
7.65000000 0.71520000
7.75000000 0.79630000
7.85000000 0.87170000
7.95000000 0.94700000
8.05000000 1.00370000
8.15000000 1.05420000
8.25000000 1.11730000
8.35000000 1.15200000
8.45000000 1.17880000
8.55000000 1.20210000
8.65000000 1.21430000
8.75000000 1.20380000
8.85000000 1.19120000
8.95000000 1.17040000
9.05000000 1.15230000
9.15000000 1.10750000
9.25000000 1.07230000
9.35000000 1.03750000
9.45000000 1.00950000
9.55000000 0.97010000
9.65000000 0.94310000
9.75000000 0.91320000
9.85000000 0.87430000
9.95000000 0.85250000
10.05000000 0.81610000
10.15000000 0.78550000
10.25000000 0.75500000
10.35000000 0.72450000
10.45000000 0.69630000
10.55000000 0.67260000
10.65000000 0.65370000
10.75000000 0.63750000
10.85000000 0.63470000
10.95000000 0.63890000
11.05000000 0.65440000
11.15000000 0.67030000
11.25000000 0.69060000
11.35000000 0.71570000
11.45000000 0.73870000
11.55000000 0.75410000
11.65000000 0.78030000
11.75000000 0.81450000
11.85000000 0.85180000
11.95000000 0.88880000
12.05000000 0.93220000
12.15000000 0.97390000
12.25000000 1.01480000
12.35000000 1.04610000
12.45000000 1.06180000
12.55000000 1.07210000
12.65000000 1.08620000
12.75000000 1.08980000
12.85000000 1.08660000
12.95000000 1.08920000
13.05000000 1.08990000
13.15000000 1.09210000
13.25000000 1.09990000
13.35000000 1.10240000
13.45000000 1.09630000
13.55000000 1.08330000
13.65000000 1.06570000
13.75000000 1.04200000
13.85000000 1.01330000
13.95000000 0.98300000
105
3.55000000 0.02300000
3.65000000 0.10100000
3.75000000 0.25310000
3.85000000 0.47860000
3.95000000 0.79350000
4.05000000 1.17900000
4.15000000 1.62300000
4.25000000 2.08420000
4.35000000 2.50300000
4.45000000 2.83270000
4.55000000 3.04110000
4.65000000 3.11990000
4.75000000 3.15570000
4.85000000 3.15610000
4.95000000 3.09380000
5.05000000 2.98810000
5.15000000 2.79320000
5.25000000 2.55870000
5.35000000 2.24780000
5.45000000 1.91950000
5.55000000 1.62000000
5.65000000 1.34430000
5.75000000 1.11510000
5.85000000 0.91620000
5.95000000 0.75770000
6.05000000 0.61600000
6.15000000 0.52210000
6.25000000 0.44360000
6.35000000 0.38660000
6.45000000 0.34080000
6.55000000 0.31750000
6.65000000 0.31700000
6.75000000 0.31590000
6.85000000 0.32890000
6.95000000 0.35020000
7.05000000 0.38920000
7.15000000 0.43310000
7.25000000 0.47940000
7.35000000 0.53970000
7.45000000 0.59730000
7.55000000 0.66860000
7.65000000 0.73130000
7.75000000 0.81340000
7.85000000 0.88760000
7.95000000 0.96060000
8.05000000 1.03060000
8.15000000 1.07580000
8.25000000 1.13270000
8.35000000 1.17070000
8.45000000 1.19710000
8.55000000 1.21520000
8.65000000 1.22570000
8.75000000 1.21650000
8.85000000 1.20330000
8.95000000 1.18080000
9.05000000 1.16350000
9.15000000 1.12830000
9.25000000 1.08720000
9.35000000 1.05630000
9.45000000 1.01980000
9.55000000 0.98060000
9.65000000 0.94610000
9.75000000 0.91570000
9.85000000 0.88170000
9.95000000 0.85280000
10.05000000 0.81280000
10.15000000 0.78180000
10.25000000 0.74670000
10.35000000 0.71080000
10.45000000 0.68120000
10.55000000 0.65460000
10.65000000 0.63130000
10.75000000 0.61720000
10.85000000 0.61310000
10.95000000 0.62040000
11.05000000 0.63380000
11.15000000 0.65260000
11.25000000 0.67490000
11.35000000 0.70150000
11.45000000 0.72310000
11.55000000 0.74630000
11.65000000 0.77460000
11.75000000 0.81030000
11.85000000 0.84900000
11.95000000 0.89060000
12.05000000 0.93700000
12.15000000 0.97770000
12.25000000 1.01580000
12.35000000 1.04660000
12.45000000 1.07080000
12.55000000 1.08550000
12.65000000 1.09450000
12.75000000 1.09380000
12.85000000 1.09430000
12.95000000 1.09550000
13.05000000 1.09790000
13.15000000 1.10480000
13.25000000 1.10620000
13.35000000 1.10230000
13.45000000 1.10250000
13.55000000 1.09350000
13.65000000 1.06970000
13.75000000 1.04680000
13.85000000 1.01750000
13.95000000 0.98980000
105
3.55000000 0.02410000
3.65000000 0.09580000
3.75000000 0.23990000
3.85000000 0.45110000
3.95000000 0.75190000
4.05000000 1.12730000
4.15000000 1.54900000
4.25000000 1.98520000
4.35000000 2.40550000
4.45000000 2.72320000
4.55000000 2.96270000
4.65000000 3.07020000
4.75000000 3.10490000
4.85000000 3.11500000
4.95000000 3.04130000
5.05000000 2.94890000
5.15000000 2.78330000
5.25000000 2.53990000
5.35000000 2.23690000
5.45000000 1.93110000
5.55000000 1.62670000
5.65000000 1.36620000
5.75000000 1.13390000
5.85000000 0.93200000
5.95000000 0.77110000
6.05000000 0.63240000
6.15000000 0.53400000
6.25000000 0.45630000
6.35000000 0.40190000
6.45000000 0.35800000
6.55000000 0.33360000
6.65000000 0.32650000
6.75000000 0.32530000
6.85000000 0.34000000
6.95000000 0.36510000
7.05000000 0.39210000
7.15000000 0.43740000
7.25000000 0.47630000
7.35000000 0.53230000
7.45000000 0.58310000
7.55000000 0.65350000
7.65000000 0.71690000
7.75000000 0.79320000
7.85000000 0.86420000
7.95000000 0.93550000
8.05000000 0.99820000
8.15000000 1.05540000
8.25000000 1.10200000
8.35000000 1.14880000
8.45000000 1.17380000
8.55000000 1.19460000
8.65000000 1.20990000
8.75000000 1.19860000
8.85000000 1.19410000
8.95000000 1.17460000
9.05000000 1.15210000
9.15000000 1.12780000
9.25000000 1.09000000
9.35000000 1.05910000
9.45000000 1.03200000
9.55000000 0.99580000
9.65000000 0.96310000
9.75000000 0.93960000
9.85000000 0.89940000
9.95000000 0.86450000
10.05000000 0.83350000
10.15000000 0.80280000
10.25000000 0.76540000
10.35000000 0.73340000
10.45000000 0.70030000
10.55000000 0.67630000
10.65000000 0.65360000
10.75000000 0.64050000
10.85000000 0.63720000
10.95000000 0.64210000
11.05000000 0.65690000
11.15000000 0.67830000
11.25000000 0.69340000
11.35000000 0.71570000
11.45000000 0.73030000
11.55000000 0.75040000
11.65000000 0.77190000
11.75000000 0.80080000
11.85000000 0.83610000
11.95000000 0.87420000
12.05000000 0.91680000
12.15000000 0.96090000
12.25000000 0.99930000
12.35000000 1.03300000
12.45000000 1.05840000
12.55000000 1.07910000
12.65000000 1.09320000
12.75000000 1.09450000
12.85000000 1.09650000
12.95000000 1.09820000
13.05000000 1.10440000
13.15000000 1.10800000
13.25000000 1.10990000
13.35000000 1.11040000
13.45000000 1.11160000
13.55000000 1.09710000
13.65000000 1.08030000
13.75000000 1.05720000
13.85000000 1.02820000
13.95000000 1.00340000
105
3.55000000 0.02500000
3.65000000 0.10250000
3.75000000 0.26140000
3.85000000 0.47890000
3.95000000 0.79260000
4.05000000 1.17590000
4.15000000 1.60070000
4.25000000 2.03620000
4.35000000 2.45060000
4.45000000 2.76030000
4.55000000 2.96690000
4.65000000 3.04870000
4.75000000 3.09110000
4.85000000 3.06200000
4.95000000 2.98490000
5.05000000 2.88910000
5.15000000 2.71510000
5.25000000 2.46940000
5.35000000 2.18680000
5.45000000 1.86630000
5.55000000 1.58350000
5.65000000 1.33130000
5.75000000 1.11250000
5.85000000 0.93290000
5.95000000 0.77070000
6.05000000 0.64760000
6.15000000 0.54990000
6.25000000 0.47430000
6.35000000 0.42160000
6.45000000 0.37910000
6.55000000 0.36040000
6.65000000 0.35300000
6.75000000 0.35430000
6.85000000 0.36460000
6.95000000 0.39010000
7.05000000 0.42640000
7.15000000 0.46270000
7.25000000 0.51620000
7.35000000 0.56790000
7.45000000 0.63080000
7.55000000 0.69430000
7.65000000 0.75800000
7.75000000 0.83100000
7.85000000 0.90180000
7.95000000 0.96600000
8.05000000 1.02420000
8.15000000 1.07890000
8.25000000 1.12370000
8.35000000 1.16240000
8.45000000 1.18590000
8.55000000 1.20520000
8.65000000 1.21020000
8.75000000 1.20610000
8.85000000 1.19320000
8.95000000 1.17510000
9.05000000 1.14880000
9.15000000 1.11670000
9.25000000 1.08210000
9.35000000 1.04920000
9.45000000 1.01620000
9.55000000 0.97380000
9.65000000 0.95010000
9.75000000 0.91860000
9.85000000 0.87960000
9.95000000 0.84540000
10.05000000 0.81070000
10.15000000 0.77370000
10.25000000 0.74010000
10.35000000 0.70870000
10.45000000 0.68000000
10.55000000 0.65350000
10.65000000 0.63570000
10.75000000 0.62670000
10.85000000 0.62640000
10.95000000 0.62980000
11.05000000 0.64690000
11.15000000 0.66960000
11.25000000 0.69270000
11.35000000 0.71210000
11.45000000 0.73230000
11.55000000 0.75580000
11.65000000 0.78110000
11.75000000 0.81350000
11.85000000 0.84400000
11.95000000 0.88800000
12.05000000 0.92680000
12.15000000 0.96880000
12.25000000 1.00730000
12.35000000 1.04100000
12.45000000 1.06400000
12.55000000 1.07920000
12.65000000 1.08390000
12.75000000 1.08380000
12.85000000 1.08210000
12.95000000 1.08050000
13.05000000 1.08240000
13.15000000 1.08360000
13.25000000 1.08520000
13.35000000 1.08740000
13.45000000 1.08640000
13.55000000 1.07760000
13.65000000 1.06150000
13.75000000 1.04210000
13.85000000 1.01590000
13.95000000 0.99080000
105
3.55000000 0.02680000
3.65000000 0.11050000
3.75000000 0.27260000
3.85000000 0.51620000
3.95000000 0.83470000
4.05000000 1.20630000
4.15000000 1.65140000
4.25000000 2.07540000
4.35000000 2.47000000
4.45000000 2.77910000
4.55000000 2.97870000
4.65000000 3.05930000
4.75000000 3.08040000
4.85000000 3.03790000
4.95000000 2.96700000
5.05000000 2.86300000
5.15000000 2.67920000
5.25000000 2.42310000
5.35000000 2.13630000
5.45000000 1.84250000
5.55000000 1.55210000
5.65000000 1.29800000
5.75000000 1.08920000
5.85000000 0.90880000
5.95000000 0.75000000
6.05000000 0.62250000
6.15000000 0.52600000
6.25000000 0.45950000
6.35000000 0.40440000
6.45000000 0.37010000
6.55000000 0.34530000
6.65000000 0.34060000
6.75000000 0.34570000
6.85000000 0.35860000
6.95000000 0.38930000
7.05000000 0.41860000
7.15000000 0.46600000
7.25000000 0.51750000
7.35000000 0.57420000
7.45000000 0.63290000
7.55000000 0.70460000
7.65000000 0.77220000
7.75000000 0.84600000
7.85000000 0.91070000
7.95000000 0.97790000
8.05000000 1.03520000
8.15000000 1.08830000
8.25000000 1.13500000
8.35000000 1.17230000
8.45000000 1.19490000
8.55000000 1.21150000
8.65000000 1.21030000
8.75000000 1.19740000
8.85000000 1.18600000
8.95000000 1.17030000
9.05000000 1.13860000
9.15000000 1.11190000
9.25000000 1.07490000
9.35000000 1.04120000
9.45000000 1.01260000
9.55000000 0.97140000
9.65000000 0.94770000
9.75000000 0.91090000
9.85000000 0.87730000
9.95000000 0.84720000
10.05000000 0.81530000
10.15000000 0.77640000
10.25000000 0.74550000
10.35000000 0.71060000
10.45000000 0.68360000
10.55000000 0.65950000
10.65000000 0.64590000
10.75000000 0.63570000
10.85000000 0.63400000
10.95000000 0.64060000
11.05000000 0.66090000
11.15000000 0.68070000
11.25000000 0.70590000
11.35000000 0.73020000
11.45000000 0.75000000
11.55000000 0.77390000
11.65000000 0.80290000
11.75000000 0.83320000
11.85000000 0.86630000
11.95000000 0.90750000
12.05000000 0.94870000
12.15000000 0.98890000
12.25000000 1.02460000
12.35000000 1.05160000
12.45000000 1.07450000
12.55000000 1.09060000
12.65000000 1.09610000
12.75000000 1.09180000
12.85000000 1.09140000
12.95000000 1.08800000
13.05000000 1.08830000
13.15000000 1.08290000
13.25000000 1.08330000
13.35000000 1.08270000
13.45000000 1.08110000
13.55000000 1.06930000
13.65000000 1.05210000
13.75000000 1.03110000
13.85000000 1.00630000
13.95000000 0.98200000
105
3.55000000 0.02430000
3.65000000 0.10120000
3.75000000 0.25850000
3.85000000 0.48980000
3.95000000 0.80020000
4.05000000 1.18460000
4.15000000 1.61400000
4.25000000 2.08180000
4.35000000 2.48370000
4.45000000 2.79080000
4.55000000 3.01540000
4.65000000 3.09390000
4.75000000 3.11900000
4.85000000 3.11100000
4.95000000 3.04060000
5.05000000 2.94160000
5.15000000 2.76390000
5.25000000 2.49160000
5.35000000 2.18990000
5.45000000 1.87820000
5.55000000 1.57940000
5.65000000 1.31880000
5.75000000 1.09270000
5.85000000 0.90770000
5.95000000 0.74770000
6.05000000 0.61680000
6.15000000 0.52480000
6.25000000 0.44670000
6.35000000 0.39250000
6.45000000 0.35790000
6.55000000 0.33440000
6.65000000 0.32710000
6.75000000 0.33190000
6.85000000 0.34800000
6.95000000 0.37360000
7.05000000 0.40620000
7.15000000 0.44830000
7.25000000 0.50240000
7.35000000 0.55450000
7.45000000 0.61780000
7.55000000 0.68560000
7.65000000 0.75520000
7.75000000 0.82970000
7.85000000 0.89990000
7.95000000 0.97260000
8.05000000 1.03040000
8.15000000 1.08270000
8.25000000 1.12950000
8.35000000 1.16370000
8.45000000 1.19840000
8.55000000 1.22100000
8.65000000 1.21080000
8.75000000 1.21300000
8.85000000 1.20440000
8.95000000 1.18320000
9.05000000 1.15130000
9.15000000 1.12180000
9.25000000 1.08720000
9.35000000 1.05300000
9.45000000 1.01720000
9.55000000 0.98270000
9.65000000 0.94840000
9.75000000 0.91780000
9.85000000 0.88140000
9.95000000 0.85100000
10.05000000 0.81890000
10.15000000 0.78520000
10.25000000 0.74860000
10.35000000 0.71890000
10.45000000 0.68660000
10.55000000 0.66350000
10.65000000 0.64610000
10.75000000 0.63390000
10.85000000 0.63320000
10.95000000 0.63890000
11.05000000 0.65860000
11.15000000 0.68070000
11.25000000 0.70190000
11.35000000 0.72520000
11.45000000 0.75120000
11.55000000 0.77420000
11.65000000 0.80160000
11.75000000 0.83050000
11.85000000 0.87080000
11.95000000 0.90960000
12.05000000 0.95160000
12.15000000 0.99430000
12.25000000 1.02710000
12.35000000 1.06000000
12.45000000 1.07920000
12.55000000 1.09810000
12.65000000 1.10340000
12.75000000 1.10300000
12.85000000 1.09910000
12.95000000 1.10270000
13.05000000 1.10440000
13.15000000 1.10010000
13.25000000 1.09880000
13.35000000 1.09760000
13.45000000 1.09240000
13.55000000 1.08310000
13.65000000 1.06690000
13.75000000 1.04500000
13.85000000 1.01830000
13.95000000 0.99360000
105
3.55000000 0.02430000
3.65000000 0.09860000
3.75000000 0.25580000
3.85000000 0.47120000
3.95000000 0.78300000
4.05000000 1.17490000
4.15000000 1.61020000
4.25000000 2.05760000
4.35000000 2.47680000
4.45000000 2.79740000
4.55000000 3.00400000
4.65000000 3.12270000
4.75000000 3.13470000
4.85000000 3.11490000
4.95000000 3.06320000
5.05000000 2.96730000
5.15000000 2.77450000
5.25000000 2.53210000
5.35000000 2.23020000
5.45000000 1.90790000
5.55000000 1.61070000
5.65000000 1.34020000
5.75000000 1.11180000
5.85000000 0.91280000
5.95000000 0.74190000
6.05000000 0.61070000
6.15000000 0.50960000
6.25000000 0.43300000
6.35000000 0.37220000
6.45000000 0.34010000
6.55000000 0.31360000
6.65000000 0.30320000
6.75000000 0.31240000
6.85000000 0.32930000
6.95000000 0.35300000
7.05000000 0.38160000
7.15000000 0.42790000
7.25000000 0.47740000
7.35000000 0.53340000
7.45000000 0.59770000
7.55000000 0.66740000
7.65000000 0.73930000
7.75000000 0.80980000
7.85000000 0.88230000
7.95000000 0.95500000
8.05000000 1.01790000
8.15000000 1.07290000
8.25000000 1.13120000
8.35000000 1.16490000
8.45000000 1.20250000
8.55000000 1.22180000
8.65000000 1.22520000
8.75000000 1.22260000
8.85000000 1.20510000
8.95000000 1.18230000
9.05000000 1.15130000
9.15000000 1.11600000
9.25000000 1.09420000
9.35000000 1.05320000
9.45000000 1.01920000
9.55000000 0.98520000
9.65000000 0.95820000
9.75000000 0.92450000
9.85000000 0.89440000
9.95000000 0.86460000
10.05000000 0.82850000
10.15000000 0.79800000
10.25000000 0.76680000
10.35000000 0.72980000
10.45000000 0.69860000
10.55000000 0.67660000
10.65000000 0.65140000
10.75000000 0.64060000
10.85000000 0.63310000
10.95000000 0.64060000
11.05000000 0.65400000
11.15000000 0.67500000
11.25000000 0.69620000
11.35000000 0.72140000
11.45000000 0.74410000
11.55000000 0.76370000
11.65000000 0.78880000
11.75000000 0.82090000
11.85000000 0.85490000
11.95000000 0.89590000
12.05000000 0.93490000
12.15000000 0.98210000
12.25000000 1.01730000
12.35000000 1.05160000
12.45000000 1.07190000
12.55000000 1.08810000
12.65000000 1.09800000
12.75000000 1.10540000
12.85000000 1.10780000
12.95000000 1.11100000
13.05000000 1.11460000
13.15000000 1.11390000
13.25000000 1.10900000
13.35000000 1.11320000
13.45000000 1.10380000
13.55000000 1.09760000
13.65000000 1.07610000
13.75000000 1.05110000
13.85000000 1.02170000
13.95000000 0.99200000
105
3.55000000 0.02060000
3.65000000 0.09040000
3.75000000 0.23060000
3.85000000 0.45590000
3.95000000 0.76110000
4.05000000 1.15020000
4.15000000 1.58000000
4.25000000 2.04260000
4.35000000 2.47600000
4.45000000 2.81050000
4.55000000 3.06560000
4.65000000 3.17570000
4.75000000 3.21580000
4.85000000 3.21660000
4.95000000 3.16510000
5.05000000 3.06050000
5.15000000 2.88180000
5.25000000 2.61300000
5.35000000 2.28590000
5.45000000 1.95820000
5.55000000 1.64500000
5.65000000 1.35600000
5.75000000 1.12190000
5.85000000 0.92110000
5.95000000 0.74630000
6.05000000 0.61170000
6.15000000 0.50480000
6.25000000 0.42520000
6.35000000 0.36120000
6.45000000 0.31990000
6.55000000 0.29820000
6.65000000 0.29040000
6.75000000 0.28990000
6.85000000 0.30630000
6.95000000 0.33390000
7.05000000 0.36530000
7.15000000 0.41050000
7.25000000 0.45800000
7.35000000 0.51750000
7.45000000 0.58620000
7.55000000 0.65150000
7.65000000 0.72420000
7.75000000 0.80300000
7.85000000 0.87700000
7.95000000 0.95000000
8.05000000 1.02320000
8.15000000 1.08260000
8.25000000 1.13360000
8.35000000 1.18450000
8.45000000 1.21260000
8.55000000 1.23030000
8.65000000 1.23570000
8.75000000 1.23200000
8.85000000 1.21590000
8.95000000 1.19700000
9.05000000 1.17730000
9.15000000 1.14120000
9.25000000 1.10590000
9.35000000 1.06990000
9.45000000 1.03460000
9.55000000 1.00060000
9.65000000 0.96990000
9.75000000 0.93420000
9.85000000 0.90340000
9.95000000 0.86630000
10.05000000 0.82960000
10.15000000 0.79940000
10.25000000 0.75770000
10.35000000 0.71830000
10.45000000 0.68060000
10.55000000 0.65490000
10.65000000 0.62640000
10.75000000 0.61200000
10.85000000 0.60500000
10.95000000 0.60700000
11.05000000 0.62120000
11.15000000 0.63950000
11.25000000 0.65980000
11.35000000 0.68670000
11.45000000 0.71010000
11.55000000 0.73650000
11.65000000 0.76290000
11.75000000 0.79980000
11.85000000 0.83930000
11.95000000 0.87830000
12.05000000 0.92720000
12.15000000 0.97340000
12.25000000 1.01850000
12.35000000 1.05350000
12.45000000 1.07860000
12.55000000 1.09460000
12.65000000 1.10430000
12.75000000 1.11070000
12.85000000 1.11220000
12.95000000 1.11390000
13.05000000 1.11670000
13.15000000 1.11940000
13.25000000 1.12210000
13.35000000 1.11900000
13.45000000 1.11620000
13.55000000 1.10430000
13.65000000 1.08040000
13.75000000 1.05670000
13.85000000 1.02640000
13.95000000 0.99780000
105
3.55000000 0.02240000
3.65000000 0.09650000
3.75000000 0.24610000
3.85000000 0.46620000
3.95000000 0.77510000
4.05000000 1.15420000
4.15000000 1.59790000
4.25000000 2.06220000
4.35000000 2.48440000
4.45000000 2.84410000
4.55000000 3.07310000
4.65000000 3.17330000
4.75000000 3.20760000
4.85000000 3.19770000
4.95000000 3.13200000
5.05000000 3.00870000
5.15000000 2.83210000
5.25000000 2.55870000
5.35000000 2.25520000
5.45000000 1.92620000
5.55000000 1.61940000
5.65000000 1.33420000
5.75000000 1.11100000
5.85000000 0.91160000
5.95000000 0.74310000
6.05000000 0.60950000
6.15000000 0.50600000
6.25000000 0.42640000
6.35000000 0.36960000
6.45000000 0.33190000
6.55000000 0.30690000
6.65000000 0.29590000
6.75000000 0.29490000
6.85000000 0.30950000
6.95000000 0.33280000
7.05000000 0.36200000
7.15000000 0.40220000
7.25000000 0.45450000
7.35000000 0.51050000
7.45000000 0.57730000
7.55000000 0.64610000
7.65000000 0.71810000
7.75000000 0.79120000
7.85000000 0.86900000
7.95000000 0.93660000
8.05000000 1.00360000
8.15000000 1.06280000
8.25000000 1.11490000
8.35000000 1.16320000
8.45000000 1.19300000
8.55000000 1.21790000
8.65000000 1.22470000
8.75000000 1.22310000
8.85000000 1.21640000
8.95000000 1.19880000
9.05000000 1.16680000
9.15000000 1.13920000
9.25000000 1.11090000
9.35000000 1.06930000
9.45000000 1.03940000
9.55000000 1.00240000
9.65000000 0.96640000
9.75000000 0.94020000
9.85000000 0.90330000
9.95000000 0.87500000
10.05000000 0.84590000
10.15000000 0.80800000
10.25000000 0.76920000
10.35000000 0.73330000
10.45000000 0.69900000
10.55000000 0.67560000
10.65000000 0.64520000
10.75000000 0.63020000
10.85000000 0.62630000
10.95000000 0.62830000
11.05000000 0.64120000
11.15000000 0.66410000
11.25000000 0.68170000
11.35000000 0.70190000
11.45000000 0.72460000
11.55000000 0.74500000
11.65000000 0.77860000
11.75000000 0.81140000
11.85000000 0.85000000
11.95000000 0.89550000
12.05000000 0.93970000
12.15000000 0.98460000
12.25000000 1.02550000
12.35000000 1.06360000
12.45000000 1.08790000
12.55000000 1.10010000
12.65000000 1.11020000
12.75000000 1.11250000
12.85000000 1.11550000
12.95000000 1.12170000
13.05000000 1.12360000
13.15000000 1.12270000
13.25000000 1.12500000
13.35000000 1.12930000
13.45000000 1.12410000
13.55000000 1.11320000
13.65000000 1.09580000
13.75000000 1.06740000
13.85000000 1.03890000
13.95000000 1.01340000
105
3.55000000 0.03250000
3.65000000 0.13540000
3.75000000 0.32780000
3.85000000 0.59650000
3.95000000 0.94350000
4.05000000 1.35960000
4.15000000 1.80830000
4.25000000 2.24630000
4.35000000 2.62870000
4.45000000 2.89550000
4.55000000 3.05870000
4.65000000 3.10070000
4.75000000 3.08040000
4.85000000 3.02980000
4.95000000 2.93380000
5.05000000 2.80920000
5.15000000 2.61930000
5.25000000 2.38400000
5.35000000 2.09280000
5.45000000 1.80570000
5.55000000 1.52900000
5.65000000 1.28540000
5.75000000 1.07230000
5.85000000 0.89970000
5.95000000 0.74840000
6.05000000 0.63610000
6.15000000 0.53450000
6.25000000 0.46770000
6.35000000 0.40990000
6.45000000 0.37470000
6.55000000 0.35410000
6.65000000 0.34950000
6.75000000 0.35770000
6.85000000 0.37250000
6.95000000 0.40090000
7.05000000 0.43820000
7.15000000 0.48120000
7.25000000 0.53800000
7.35000000 0.59280000
7.45000000 0.65220000
7.55000000 0.71570000
7.65000000 0.77860000
7.75000000 0.84750000
7.85000000 0.91600000
7.95000000 0.97660000
8.05000000 1.03100000
8.15000000 1.08170000
8.25000000 1.12620000
8.35000000 1.15990000
8.45000000 1.17990000
8.55000000 1.18770000
8.65000000 1.19450000
8.75000000 1.18000000
8.85000000 1.15940000
8.95000000 1.13060000
9.05000000 1.10150000
9.15000000 1.06440000
9.25000000 1.02470000
9.35000000 0.98870000
9.45000000 0.95600000
9.55000000 0.92150000
9.65000000 0.89760000
9.75000000 0.86600000
9.85000000 0.83910000
9.95000000 0.81330000
10.05000000 0.79640000
10.15000000 0.76800000
10.25000000 0.74550000
10.35000000 0.72160000
10.45000000 0.70070000
10.55000000 0.68360000
10.65000000 0.67150000
10.75000000 0.66830000
10.85000000 0.66870000
10.95000000 0.68360000
11.05000000 0.70200000
11.15000000 0.72830000
11.25000000 0.75240000
11.35000000 0.77630000
11.45000000 0.79480000
11.55000000 0.81820000
11.65000000 0.83980000
11.75000000 0.86610000
11.85000000 0.89670000
11.95000000 0.92710000
12.05000000 0.96220000
12.15000000 0.99660000
12.25000000 1.03090000
12.35000000 1.05230000
12.45000000 1.07090000
12.55000000 1.07860000
12.65000000 1.07990000
12.75000000 1.07970000
12.85000000 1.07980000
12.95000000 1.07820000
13.05000000 1.07720000
13.15000000 1.07870000
13.25000000 1.07940000
13.35000000 1.07930000
13.45000000 1.07630000
13.55000000 1.06600000
13.65000000 1.05010000
13.75000000 1.02660000
13.85000000 1.00300000
13.95000000 0.97760000
105
3.55000000 0.02820000
3.65000000 0.11910000
3.75000000 0.29660000
3.85000000 0.55180000
3.95000000 0.88620000
4.05000000 1.30030000
4.15000000 1.75860000
4.25000000 2.22560000
4.35000000 2.64470000
4.45000000 2.94650000
4.55000000 3.14650000
4.65000000 3.22180000
4.75000000 3.21260000
4.85000000 3.17280000
4.95000000 3.08200000
5.05000000 2.95660000
5.15000000 2.74460000
5.25000000 2.48060000
5.35000000 2.17420000
5.45000000 1.84640000
5.55000000 1.54470000
5.65000000 1.29110000
5.75000000 1.05840000
5.85000000 0.87750000
5.95000000 0.71920000
6.05000000 0.59720000
6.15000000 0.49620000
6.25000000 0.42680000
6.35000000 0.37200000
6.45000000 0.33630000
6.55000000 0.31720000
6.65000000 0.31320000
6.75000000 0.31840000
6.85000000 0.33700000
6.95000000 0.36550000
7.05000000 0.40530000
7.15000000 0.45260000
7.25000000 0.51040000
7.35000000 0.57630000
7.45000000 0.64160000
7.55000000 0.71510000
7.65000000 0.78760000
7.75000000 0.85750000
7.85000000 0.93400000
7.95000000 1.00560000
8.05000000 1.06350000
8.15000000 1.11760000
8.25000000 1.16510000
8.35000000 1.20040000
8.45000000 1.22320000
8.55000000 1.23350000
8.65000000 1.23270000
8.75000000 1.22040000
8.85000000 1.19850000
8.95000000 1.17260000
9.05000000 1.14040000
9.15000000 1.10310000
9.25000000 1.06700000
9.35000000 1.02960000
9.45000000 0.99100000
9.55000000 0.95470000
9.65000000 0.91860000
9.75000000 0.88280000
9.85000000 0.84890000
9.95000000 0.81340000
10.05000000 0.77950000
10.15000000 0.74420000
10.25000000 0.71180000
10.35000000 0.68050000
10.45000000 0.65250000
10.55000000 0.63080000
10.65000000 0.61270000
10.75000000 0.60770000
10.85000000 0.60890000
10.95000000 0.62030000
11.05000000 0.64070000
11.15000000 0.66920000
11.25000000 0.69750000
11.35000000 0.72480000
11.45000000 0.75040000
11.55000000 0.78000000
11.65000000 0.80670000
11.75000000 0.84240000
11.85000000 0.87880000
11.95000000 0.91930000
12.05000000 0.95930000
12.15000000 1.00040000
12.25000000 1.03650000
12.35000000 1.06320000
12.45000000 1.08900000
12.55000000 1.09660000
12.65000000 1.10080000
12.75000000 1.10020000
12.85000000 1.09740000
12.95000000 1.09560000
13.05000000 1.09180000
13.15000000 1.08910000
13.25000000 1.08850000
13.35000000 1.08470000
13.45000000 1.07950000
13.55000000 1.07060000
13.65000000 1.05100000
13.75000000 1.02590000
13.85000000 1.00070000
13.95000000 0.97530000
105
3.55000000 0.02690000
3.65000000 0.11350000
3.75000000 0.28830000
3.85000000 0.54280000
3.95000000 0.87960000
4.05000000 1.29100000
4.15000000 1.74570000
4.25000000 2.22210000
4.35000000 2.64710000
4.45000000 2.96590000
4.55000000 3.16710000
4.65000000 3.24120000
4.75000000 3.23960000
4.85000000 3.19230000
4.95000000 3.10170000
5.05000000 2.96320000
5.15000000 2.75350000
5.25000000 2.48600000
5.35000000 2.16210000
5.45000000 1.83240000
5.55000000 1.53100000
5.65000000 1.26900000
5.75000000 1.04090000
5.85000000 0.85120000
5.95000000 0.69630000
6.05000000 0.57170000
6.15000000 0.47860000
6.25000000 0.40470000
6.35000000 0.35360000
6.45000000 0.32170000
6.55000000 0.30450000
6.65000000 0.30120000
6.75000000 0.31060000
6.85000000 0.32880000
6.95000000 0.35720000
7.05000000 0.39950000
7.15000000 0.44740000
7.25000000 0.50540000
7.35000000 0.56920000
7.45000000 0.63580000
7.55000000 0.71020000
7.65000000 0.78520000
7.75000000 0.85830000
7.85000000 0.93610000
7.95000000 1.00110000
8.05000000 1.06310000
8.15000000 1.11530000
8.25000000 1.16130000
8.35000000 1.19820000
8.45000000 1.22300000
8.55000000 1.23060000
8.65000000 1.23440000
8.75000000 1.22680000
8.85000000 1.20600000
8.95000000 1.18080000
9.05000000 1.15010000
9.15000000 1.11370000
9.25000000 1.07910000
9.35000000 1.03780000
9.45000000 0.99800000
9.55000000 0.95540000
9.65000000 0.92100000
9.75000000 0.88220000
9.85000000 0.84220000
9.95000000 0.80620000
10.05000000 0.77050000
10.15000000 0.73370000
10.25000000 0.70030000
10.35000000 0.66640000
10.45000000 0.64010000
10.55000000 0.61790000
10.65000000 0.60170000
10.75000000 0.59680000
10.85000000 0.59930000
10.95000000 0.61270000
11.05000000 0.63590000
11.15000000 0.66460000
11.25000000 0.69680000
11.35000000 0.72690000
11.45000000 0.75300000
11.55000000 0.78570000
11.65000000 0.81750000
11.75000000 0.85280000
11.85000000 0.89120000
11.95000000 0.92930000
12.05000000 0.97410000
12.15000000 1.01310000
12.25000000 1.04940000
12.35000000 1.07580000
12.45000000 1.09190000
12.55000000 1.10180000
12.65000000 1.10210000
12.75000000 1.10050000
12.85000000 1.09670000
12.95000000 1.09340000
13.05000000 1.08890000
13.15000000 1.08800000
13.25000000 1.08810000
13.35000000 1.08440000
13.45000000 1.07780000
13.55000000 1.06400000
13.65000000 1.04810000
13.75000000 1.02530000
13.85000000 0.99760000
13.95000000 0.97210000
105
3.55000000 0.02610000
3.65000000 0.11050000
3.75000000 0.27790000
3.85000000 0.52170000
3.95000000 0.85040000
4.05000000 1.24920000
4.15000000 1.71030000
4.25000000 2.17240000
4.35000000 2.58970000
4.45000000 2.91530000
4.55000000 3.11300000
4.65000000 3.20070000
4.75000000 3.20080000
4.85000000 3.16350000
4.95000000 3.07470000
5.05000000 2.94600000
5.15000000 2.74060000
5.25000000 2.48080000
5.35000000 2.16010000
5.45000000 1.84030000
5.55000000 1.54780000
5.65000000 1.28110000
5.75000000 1.05840000
5.85000000 0.87250000
5.95000000 0.71360000
6.05000000 0.58830000
6.15000000 0.49410000
6.25000000 0.42140000
6.35000000 0.36890000
6.45000000 0.33250000
6.55000000 0.31530000
6.65000000 0.30990000
6.75000000 0.32000000
6.85000000 0.33740000
6.95000000 0.36730000
7.05000000 0.40650000
7.15000000 0.45440000
7.25000000 0.51340000
7.35000000 0.57620000
7.45000000 0.64220000
7.55000000 0.71320000
7.65000000 0.78820000
7.75000000 0.86040000
7.85000000 0.93330000
7.95000000 1.00050000
8.05000000 1.06220000
8.15000000 1.11690000
8.25000000 1.16220000
8.35000000 1.20050000
8.45000000 1.22620000
8.55000000 1.23740000
8.65000000 1.24150000
8.75000000 1.23230000
8.85000000 1.21320000
8.95000000 1.18770000
9.05000000 1.16020000
9.15000000 1.12240000
9.25000000 1.08470000
9.35000000 1.04590000
9.45000000 1.00830000
9.55000000 0.96690000
9.65000000 0.93050000
9.75000000 0.89290000
9.85000000 0.85680000
9.95000000 0.81960000
10.05000000 0.78640000
10.15000000 0.75060000
10.25000000 0.71860000
10.35000000 0.68610000
10.45000000 0.65960000
10.55000000 0.63650000
10.65000000 0.62250000
10.75000000 0.61600000
10.85000000 0.61790000
10.95000000 0.63180000
11.05000000 0.65330000
11.15000000 0.68000000
11.25000000 0.70920000
11.35000000 0.73560000
11.45000000 0.76430000
11.55000000 0.79080000
11.65000000 0.81900000
11.75000000 0.85300000
11.85000000 0.88900000
11.95000000 0.92550000
12.05000000 0.96630000
12.15000000 1.00370000
12.25000000 1.03990000
12.35000000 1.06450000
12.45000000 1.08260000
12.55000000 1.09310000
12.65000000 1.09570000
12.75000000 1.08920000
12.85000000 1.08920000
12.95000000 1.08550000
13.05000000 1.08430000
13.15000000 1.08550000
13.25000000 1.08400000
13.35000000 1.08450000
13.45000000 1.08040000
13.55000000 1.07130000
13.65000000 1.05300000
13.75000000 1.03030000
13.85000000 1.00420000
13.95000000 0.97590000
105
3.55000000 0.02620000
3.65000000 0.10900000
3.75000000 0.27660000
3.85000000 0.52200000
3.95000000 0.84500000
4.05000000 1.24590000
4.15000000 1.70970000
4.25000000 2.16470000
4.35000000 2.58670000
4.45000000 2.90090000
4.55000000 3.11300000
4.65000000 3.19740000
4.75000000 3.20840000
4.85000000 3.17070000
4.95000000 3.07740000
5.05000000 2.95080000
5.15000000 2.74570000
5.25000000 2.47560000
5.35000000 2.16040000
5.45000000 1.84530000
5.55000000 1.54020000
5.65000000 1.27640000
5.75000000 1.05040000
5.85000000 0.86260000
5.95000000 0.70770000
6.05000000 0.58240000
6.15000000 0.48570000
6.25000000 0.41700000
6.35000000 0.36430000
6.45000000 0.32980000
6.55000000 0.31270000
6.65000000 0.31150000
6.75000000 0.31980000
6.85000000 0.33840000
6.95000000 0.36800000
7.05000000 0.40620000
7.15000000 0.45210000
7.25000000 0.50920000
7.35000000 0.56740000
7.45000000 0.63580000
7.55000000 0.70650000
7.65000000 0.77710000
7.75000000 0.84720000
7.85000000 0.92160000
7.95000000 0.99100000
8.05000000 1.05350000
8.15000000 1.10820000
8.25000000 1.15580000
8.35000000 1.19250000
8.45000000 1.21850000
8.55000000 1.23380000
8.65000000 1.23870000
8.75000000 1.23170000
8.85000000 1.21480000
8.95000000 1.19300000
9.05000000 1.16630000
9.15000000 1.13340000
9.25000000 1.10030000
9.35000000 1.06470000
9.45000000 1.02900000
9.55000000 0.99130000
9.65000000 0.95430000
9.75000000 0.91690000
9.85000000 0.87810000
9.95000000 0.83940000
10.05000000 0.80170000
10.15000000 0.76480000
10.25000000 0.72600000
10.35000000 0.69220000
10.45000000 0.66150000
10.55000000 0.63440000
10.65000000 0.61730000
10.75000000 0.60910000
10.85000000 0.60920000
10.95000000 0.62010000
11.05000000 0.64190000
11.15000000 0.66880000
11.25000000 0.69730000
11.35000000 0.72460000
11.45000000 0.74980000
11.55000000 0.77810000
11.65000000 0.80700000
11.75000000 0.84070000
11.85000000 0.87830000
11.95000000 0.91960000
12.05000000 0.96160000
12.15000000 1.00200000
12.25000000 1.03930000
12.35000000 1.06640000
12.45000000 1.08780000
12.55000000 1.09710000
12.65000000 1.09970000
12.75000000 1.09770000
12.85000000 1.09580000
12.95000000 1.09490000
13.05000000 1.09380000
13.15000000 1.09400000
13.25000000 1.09490000
13.35000000 1.09360000
13.45000000 1.08940000
13.55000000 1.08330000
13.65000000 1.06800000
13.75000000 1.04510000
13.85000000 1.01770000
13.95000000 0.99460000
105
3.55000000 0.02540000
3.65000000 0.11020000
3.75000000 0.27910000
3.85000000 0.52350000
3.95000000 0.85490000
4.05000000 1.26330000
4.15000000 1.71380000
4.25000000 2.17820000
4.35000000 2.60890000
4.45000000 2.91070000
4.55000000 3.10730000
4.65000000 3.19150000
4.75000000 3.18220000
4.85000000 3.14500000
4.95000000 3.06170000
5.05000000 2.93110000
5.15000000 2.73170000
5.25000000 2.47670000
5.35000000 2.16770000
5.45000000 1.85840000
5.55000000 1.55230000
5.65000000 1.29510000
5.75000000 1.06970000
5.85000000 0.88280000
5.95000000 0.72790000
6.05000000 0.60050000
6.15000000 0.50540000
6.25000000 0.43180000
6.35000000 0.37520000
6.45000000 0.34130000
6.55000000 0.32270000
6.65000000 0.31860000
6.75000000 0.32610000
6.85000000 0.34260000
6.95000000 0.37200000
7.05000000 0.41170000
7.15000000 0.45640000
7.25000000 0.51400000
7.35000000 0.57390000
7.45000000 0.64010000
7.55000000 0.71100000
7.65000000 0.78220000
7.75000000 0.85380000
7.85000000 0.92660000
7.95000000 0.99710000
8.05000000 1.05390000
8.15000000 1.10850000
8.25000000 1.15770000
8.35000000 1.19370000
8.45000000 1.21860000
8.55000000 1.23400000
8.65000000 1.23470000
8.75000000 1.22870000
8.85000000 1.21030000
8.95000000 1.18440000
9.05000000 1.15350000
9.15000000 1.11930000
9.25000000 1.08230000
9.35000000 1.04260000
9.45000000 1.00350000
9.55000000 0.96470000
9.65000000 0.92840000
9.75000000 0.88830000
9.85000000 0.85310000
9.95000000 0.81660000
10.05000000 0.78280000
10.15000000 0.74980000
10.25000000 0.72090000
10.35000000 0.68980000
10.45000000 0.66350000
10.55000000 0.64210000
10.65000000 0.62820000
10.75000000 0.62250000
10.85000000 0.62660000
10.95000000 0.63900000
11.05000000 0.66110000
11.15000000 0.68770000
11.25000000 0.71730000
11.35000000 0.74390000
11.45000000 0.76800000
11.55000000 0.79260000
11.65000000 0.81900000
11.75000000 0.85070000
11.85000000 0.88560000
11.95000000 0.92410000
12.05000000 0.96220000
12.15000000 1.00060000
12.25000000 1.03060000
12.35000000 1.05700000
12.45000000 1.07560000
12.55000000 1.08320000
12.65000000 1.08310000
12.75000000 1.08230000
12.85000000 1.07800000
12.95000000 1.07650000
13.05000000 1.07490000
13.15000000 1.07380000
13.25000000 1.07630000
13.35000000 1.07570000
13.45000000 1.07300000
13.55000000 1.06490000
13.65000000 1.04830000
13.75000000 1.02440000
13.85000000 1.00210000
13.95000000 0.97880000
105
3.55000000 0.02600000
3.65000000 0.10980000
3.75000000 0.27920000
3.85000000 0.52390000
3.95000000 0.85110000
4.05000000 1.25050000
4.15000000 1.71800000
4.25000000 2.16250000
4.35000000 2.57360000
4.45000000 2.88300000
4.55000000 3.07780000
4.65000000 3.15130000
4.75000000 3.15030000
4.85000000 3.10020000
4.95000000 3.01960000
5.05000000 2.88380000
5.15000000 2.69610000
5.25000000 2.42790000
5.35000000 2.13130000
5.45000000 1.81890000
5.55000000 1.52660000
5.65000000 1.27230000
5.75000000 1.04900000
5.85000000 0.87050000
5.95000000 0.71750000
6.05000000 0.59330000
6.15000000 0.49970000
6.25000000 0.43210000
6.35000000 0.37960000
6.45000000 0.34600000
6.55000000 0.32660000
6.65000000 0.32460000
6.75000000 0.33430000
6.85000000 0.35260000
6.95000000 0.38310000
7.05000000 0.42450000
7.15000000 0.47160000
7.25000000 0.52960000
7.35000000 0.59030000
7.45000000 0.65990000
7.55000000 0.73090000
7.65000000 0.80160000
7.75000000 0.87190000
7.85000000 0.94120000
7.95000000 1.00860000
8.05000000 1.06760000
8.15000000 1.11770000
8.25000000 1.15920000
8.35000000 1.19370000
8.45000000 1.21870000
8.55000000 1.22940000
8.65000000 1.22960000
8.75000000 1.21900000
8.85000000 1.20130000
8.95000000 1.17490000
9.05000000 1.14500000
9.15000000 1.10820000
9.25000000 1.07630000
9.35000000 1.03710000
9.45000000 0.99920000
9.55000000 0.96080000
9.65000000 0.92310000
9.75000000 0.88410000
9.85000000 0.84960000
9.95000000 0.81100000
10.05000000 0.77790000
10.15000000 0.74330000
10.25000000 0.70980000
10.35000000 0.68200000
10.45000000 0.65450000
10.55000000 0.63340000
10.65000000 0.62220000
10.75000000 0.61650000
10.85000000 0.61960000
10.95000000 0.63590000
11.05000000 0.65890000
11.15000000 0.68900000
11.25000000 0.71980000
11.35000000 0.74590000
11.45000000 0.77300000
11.55000000 0.80130000
11.65000000 0.83010000
11.75000000 0.86040000
11.85000000 0.89640000
11.95000000 0.93330000
12.05000000 0.97050000
12.15000000 1.00820000
12.25000000 1.03900000
12.35000000 1.06360000
12.45000000 1.07920000
12.55000000 1.08720000
12.65000000 1.08580000
12.75000000 1.08370000
12.85000000 1.07820000
12.95000000 1.07430000
13.05000000 1.07250000
13.15000000 1.06930000
13.25000000 1.06930000
13.35000000 1.06820000
13.45000000 1.06450000
13.55000000 1.05460000
13.65000000 1.03740000
13.75000000 1.01510000
13.85000000 0.99010000
13.95000000 0.96800000
105
3.55000000 0.02470000
3.65000000 0.10930000
3.75000000 0.27230000
3.85000000 0.50980000
3.95000000 0.83890000
4.05000000 1.24750000
4.15000000 1.70400000
4.25000000 2.16720000
4.35000000 2.59880000
4.45000000 2.91410000
4.55000000 3.12300000
4.65000000 3.21710000
4.75000000 3.22390000
4.85000000 3.17970000
4.95000000 3.10650000
5.05000000 2.97130000
5.15000000 2.76880000
5.25000000 2.49210000
5.35000000 2.17360000
5.45000000 1.85120000
5.55000000 1.54460000
5.65000000 1.27920000
5.75000000 1.05360000
5.85000000 0.86470000
5.95000000 0.70720000
6.05000000 0.58200000
6.15000000 0.48400000
6.25000000 0.41010000
6.35000000 0.35840000
6.45000000 0.32340000
6.55000000 0.30620000
6.65000000 0.30160000
6.75000000 0.30890000
6.85000000 0.32770000
6.95000000 0.35660000
7.05000000 0.39340000
7.15000000 0.44050000
7.25000000 0.49990000
7.35000000 0.55950000
7.45000000 0.62500000
7.55000000 0.69970000
7.65000000 0.77450000
7.75000000 0.84610000
7.85000000 0.92030000
7.95000000 0.98970000
8.05000000 1.05490000
8.15000000 1.11020000
8.25000000 1.15630000
8.35000000 1.19360000
8.45000000 1.22370000
8.55000000 1.23550000
8.65000000 1.23630000
8.75000000 1.22950000
8.85000000 1.21280000
8.95000000 1.18930000
9.05000000 1.16020000
9.15000000 1.12680000
9.25000000 1.09250000
9.35000000 1.05390000
9.45000000 1.01940000
9.55000000 0.98370000
9.65000000 0.94750000
9.75000000 0.91120000
9.85000000 0.87120000
9.95000000 0.83450000
10.05000000 0.79810000
10.15000000 0.75990000
10.25000000 0.72540000
10.35000000 0.69270000
10.45000000 0.66220000
10.55000000 0.64030000
10.65000000 0.62290000
10.75000000 0.61380000
10.85000000 0.61460000
10.95000000 0.62510000
11.05000000 0.64740000
11.15000000 0.67550000
11.25000000 0.70290000
11.35000000 0.72970000
11.45000000 0.75780000
11.55000000 0.78420000
11.65000000 0.81340000
11.75000000 0.84720000
11.85000000 0.88350000
11.95000000 0.92450000
12.05000000 0.96540000
12.15000000 1.00430000
12.25000000 1.04060000
12.35000000 1.07040000
12.45000000 1.08860000
12.55000000 1.09810000
12.65000000 1.10260000
12.75000000 1.09960000
12.85000000 1.09710000
12.95000000 1.09510000
13.05000000 1.09440000
13.15000000 1.09390000
13.25000000 1.09430000
13.35000000 1.09430000
13.45000000 1.08690000
13.55000000 1.07870000
13.65000000 1.05970000
13.75000000 1.03970000
13.85000000 1.01250000
13.95000000 0.98680000
105
3.55000000 0.02490000
3.65000000 0.10510000
3.75000000 0.26600000
3.85000000 0.50770000
3.95000000 0.82650000
4.05000000 1.23160000
4.15000000 1.68820000
4.25000000 2.15440000
4.35000000 2.57950000
4.45000000 2.91280000
4.55000000 3.11310000
4.65000000 3.20480000
4.75000000 3.22470000
4.85000000 3.18730000
4.95000000 3.11060000
5.05000000 2.97790000
5.15000000 2.78490000
5.25000000 2.51580000
5.35000000 2.19650000
5.45000000 1.86650000
5.55000000 1.56580000
5.65000000 1.30080000
5.75000000 1.06930000
5.85000000 0.87500000
5.95000000 0.72090000
6.05000000 0.59150000
6.15000000 0.49120000
6.25000000 0.41550000
6.35000000 0.36110000
6.45000000 0.32530000
6.55000000 0.30560000
6.65000000 0.29920000
6.75000000 0.30480000
6.85000000 0.32100000
6.95000000 0.34820000
7.05000000 0.38830000
7.15000000 0.43290000
7.25000000 0.48920000
7.35000000 0.55180000
7.45000000 0.62090000
7.55000000 0.69090000
7.65000000 0.76510000
7.75000000 0.83680000
7.85000000 0.91280000
7.95000000 0.98130000
8.05000000 1.04470000
8.15000000 1.10090000
8.25000000 1.15300000
8.35000000 1.19380000
8.45000000 1.22310000
8.55000000 1.23990000
8.65000000 1.24110000
8.75000000 1.23540000
8.85000000 1.22050000
8.95000000 1.19910000
9.05000000 1.16980000
9.15000000 1.13580000
9.25000000 1.10070000
9.35000000 1.06420000
9.45000000 1.02660000
9.55000000 0.98880000
9.65000000 0.95260000
9.75000000 0.91660000
9.85000000 0.88100000
9.95000000 0.84400000
10.05000000 0.80830000
10.15000000 0.77230000
10.25000000 0.73520000
10.35000000 0.70190000
10.45000000 0.67150000
10.55000000 0.64680000
10.65000000 0.62760000
10.75000000 0.61690000
10.85000000 0.61690000
10.95000000 0.62690000
11.05000000 0.64760000
11.15000000 0.67260000
11.25000000 0.69980000
11.35000000 0.72570000
11.45000000 0.75160000
11.55000000 0.77850000
11.65000000 0.80700000
11.75000000 0.83990000
11.85000000 0.87730000
11.95000000 0.91580000
12.05000000 0.95680000
12.15000000 0.99460000
12.25000000 1.03120000
12.35000000 1.06090000
12.45000000 1.08090000
12.55000000 1.08980000
12.65000000 1.09230000
12.75000000 1.09200000
12.85000000 1.09020000
12.95000000 1.09220000
13.05000000 1.09320000
13.15000000 1.09230000
13.25000000 1.09440000
13.35000000 1.09640000
13.45000000 1.09320000
13.55000000 1.08380000
13.65000000 1.06910000
13.75000000 1.04760000
13.85000000 1.02060000
13.95000000 0.99560000
105
3.55000000 0.02450000
3.65000000 0.10880000
3.75000000 0.27490000
3.85000000 0.52020000
3.95000000 0.85140000
4.05000000 1.26120000
4.15000000 1.72750000
4.25000000 2.19760000
4.35000000 2.61730000
4.45000000 2.94470000
4.55000000 3.14600000
4.65000000 3.22950000
4.75000000 3.23180000
4.85000000 3.18810000
4.95000000 3.11330000
5.05000000 2.97350000
5.15000000 2.77230000
5.25000000 2.49680000
5.35000000 2.16980000
5.45000000 1.84210000
5.55000000 1.54250000
5.65000000 1.27630000
5.75000000 1.04790000
5.85000000 0.85600000
5.95000000 0.70000000
6.05000000 0.57320000
6.15000000 0.47820000
6.25000000 0.40570000
6.35000000 0.35210000
6.45000000 0.31850000
6.55000000 0.30100000
6.65000000 0.29750000
6.75000000 0.30620000
6.85000000 0.32750000
6.95000000 0.35620000
7.05000000 0.39490000
7.15000000 0.44490000
7.25000000 0.50300000
7.35000000 0.56690000
7.45000000 0.63740000
7.55000000 0.71160000
7.65000000 0.78650000
7.75000000 0.86110000
7.85000000 0.93780000
7.95000000 1.00960000
8.05000000 1.07500000
8.15000000 1.12760000
8.25000000 1.17390000
8.35000000 1.21350000
8.45000000 1.23950000
8.55000000 1.24950000
8.65000000 1.24950000
8.75000000 1.24410000
8.85000000 1.22930000
8.95000000 1.20030000
9.05000000 1.16780000
9.15000000 1.13440000
9.25000000 1.09430000
9.35000000 1.05410000
9.45000000 1.01850000
9.55000000 0.98070000
9.65000000 0.94200000
9.75000000 0.90120000
9.85000000 0.86760000
9.95000000 0.83180000
10.05000000 0.79450000
10.15000000 0.75720000
10.25000000 0.72290000
10.35000000 0.69120000
10.45000000 0.66000000
10.55000000 0.63650000
10.65000000 0.61990000
10.75000000 0.61160000
10.85000000 0.61110000
10.95000000 0.62210000
11.05000000 0.64360000
11.15000000 0.67150000
11.25000000 0.70190000
11.35000000 0.73000000
11.45000000 0.75830000
11.55000000 0.78500000
11.65000000 0.81540000
11.75000000 0.85200000
11.85000000 0.89100000
11.95000000 0.93040000
12.05000000 0.97380000
12.15000000 1.01140000
12.25000000 1.04550000
12.35000000 1.07350000
12.45000000 1.08960000
12.55000000 1.09960000
12.65000000 1.10010000
12.75000000 1.09540000
12.85000000 1.09160000
12.95000000 1.09060000
13.05000000 1.08880000
13.15000000 1.08830000
13.25000000 1.09170000
13.35000000 1.09030000
13.45000000 1.08570000
13.55000000 1.07660000
13.65000000 1.05850000
13.75000000 1.03660000
13.85000000 1.00800000
13.95000000 0.98170000
105
3.55000000 0.02410000
3.65000000 0.10410000
3.75000000 0.26280000
3.85000000 0.49450000
3.95000000 0.80350000
4.05000000 1.18090000
4.15000000 1.62060000
4.25000000 2.05840000
4.35000000 2.46010000
4.45000000 2.77370000
4.55000000 2.97290000
4.65000000 3.06430000
4.75000000 3.09040000
4.85000000 3.06680000
4.95000000 3.01380000
5.05000000 2.90520000
5.15000000 2.73260000
5.25000000 2.48590000
5.35000000 2.18840000
5.45000000 1.88090000
5.55000000 1.59370000
5.65000000 1.32980000
5.75000000 1.10690000
5.85000000 0.91570000
5.95000000 0.75280000
6.05000000 0.62180000
6.15000000 0.52090000
6.25000000 0.44330000
6.35000000 0.38540000
6.45000000 0.34660000
6.55000000 0.32370000
6.65000000 0.31460000
6.75000000 0.31770000
6.85000000 0.33400000
6.95000000 0.35830000
7.05000000 0.39260000
7.15000000 0.43480000
7.25000000 0.48460000
7.35000000 0.54010000
7.45000000 0.60340000
7.55000000 0.67110000
7.65000000 0.74070000
7.75000000 0.81150000
7.85000000 0.88250000
7.95000000 0.95060000
8.05000000 1.01430000
8.15000000 1.07150000
8.25000000 1.11960000
8.35000000 1.16250000
8.45000000 1.19070000
8.55000000 1.20850000
8.65000000 1.21230000
8.75000000 1.21240000
8.85000000 1.20060000
8.95000000 1.17780000
9.05000000 1.14990000
9.15000000 1.11930000
9.25000000 1.08680000
9.35000000 1.05180000
9.45000000 1.01720000
9.55000000 0.98570000
9.65000000 0.95510000
9.75000000 0.92360000
9.85000000 0.89430000
9.95000000 0.86560000
10.05000000 0.83580000
10.15000000 0.80500000
10.25000000 0.77310000
10.35000000 0.74360000
10.45000000 0.71540000
10.55000000 0.69080000
10.65000000 0.67170000
10.75000000 0.66080000
10.85000000 0.65600000
10.95000000 0.66440000
11.05000000 0.67990000
11.15000000 0.70070000
11.25000000 0.72250000
11.35000000 0.74340000
11.45000000 0.76750000
11.55000000 0.78970000
11.65000000 0.81410000
11.75000000 0.84440000
11.85000000 0.87860000
11.95000000 0.91720000
12.05000000 0.95520000
12.15000000 0.99460000
12.25000000 1.02950000
12.35000000 1.05980000
12.45000000 1.08020000
12.55000000 1.09260000
12.65000000 1.09840000
12.75000000 1.10130000
12.85000000 1.10320000
12.95000000 1.10540000
13.05000000 1.10830000
13.15000000 1.11080000
13.25000000 1.11390000
13.35000000 1.11460000
13.45000000 1.10980000
13.55000000 1.10000000
13.65000000 1.08140000
13.75000000 1.05670000
13.85000000 1.02890000
13.95000000 0.99890000
105
3.55000000 0.02350000
3.65000000 0.10080000
3.75000000 0.25460000
3.85000000 0.48290000
3.95000000 0.78860000
4.05000000 1.16560000
4.15000000 1.60180000
4.25000000 2.04180000
4.35000000 2.44720000
4.45000000 2.76540000
4.55000000 2.97380000
4.65000000 3.07490000
4.75000000 3.10360000
4.85000000 3.08040000
4.95000000 3.02820000
5.05000000 2.92250000
5.15000000 2.74680000
5.25000000 2.49960000
5.35000000 2.20100000
5.45000000 1.88900000
5.55000000 1.59670000
5.65000000 1.33310000
5.75000000 1.10950000
5.85000000 0.91500000
5.95000000 0.75240000
6.05000000 0.62180000
6.15000000 0.51880000
6.25000000 0.44150000
6.35000000 0.38380000
6.45000000 0.34420000
6.55000000 0.32270000
6.65000000 0.31390000
6.75000000 0.31690000
6.85000000 0.33230000
6.95000000 0.35580000
7.05000000 0.39010000
7.15000000 0.43200000
7.25000000 0.48210000
7.35000000 0.53840000
7.45000000 0.60050000
7.55000000 0.66910000
7.65000000 0.73910000
7.75000000 0.81080000
7.85000000 0.88170000
7.95000000 0.95320000
8.05000000 1.01730000
8.15000000 1.07610000
8.25000000 1.12490000
8.35000000 1.16670000
8.45000000 1.19740000
8.55000000 1.21700000
8.65000000 1.22260000
8.75000000 1.22080000
8.85000000 1.21110000
8.95000000 1.18990000
9.05000000 1.16230000
9.15000000 1.13260000
9.25000000 1.10080000
9.35000000 1.06560000
9.45000000 1.03260000
9.55000000 1.00100000
9.65000000 0.96930000
9.75000000 0.93660000
9.85000000 0.90540000
9.95000000 0.87510000
10.05000000 0.84330000
10.15000000 0.81080000
10.25000000 0.77710000
10.35000000 0.74560000
10.45000000 0.71500000
10.55000000 0.68910000
10.65000000 0.66820000
10.75000000 0.65590000
10.85000000 0.65120000
10.95000000 0.65710000
11.05000000 0.67200000
11.15000000 0.69220000
11.25000000 0.71280000
11.35000000 0.73480000
11.45000000 0.75640000
11.55000000 0.77920000
11.65000000 0.80480000
11.75000000 0.83550000
11.85000000 0.87000000
11.95000000 0.91010000
12.05000000 0.95070000
12.15000000 0.99150000
12.25000000 1.02810000
12.35000000 1.05970000
12.45000000 1.08140000
12.55000000 1.09540000
12.65000000 1.10300000
12.75000000 1.10630000
12.85000000 1.10840000
12.95000000 1.10990000
13.05000000 1.11280000
13.15000000 1.11490000
13.25000000 1.11690000
13.35000000 1.11710000
13.45000000 1.11210000
13.55000000 1.10200000
13.65000000 1.08370000
13.75000000 1.05820000
13.85000000 1.03040000
13.95000000 1.00150000
105
3.55000000 0.02390000
3.65000000 0.10100000
3.75000000 0.25500000
3.85000000 0.48360000
3.95000000 0.78880000
4.05000000 1.16900000
4.15000000 1.60310000
4.25000000 2.03940000
4.35000000 2.44610000
4.45000000 2.76420000
4.55000000 2.96910000
4.65000000 3.06630000
4.75000000 3.09750000
4.85000000 3.07510000
4.95000000 3.01880000
5.05000000 2.91530000
5.15000000 2.73910000
5.25000000 2.49560000
5.35000000 2.19690000
5.45000000 1.88850000
5.55000000 1.59810000
5.65000000 1.33550000
5.75000000 1.10780000
5.85000000 0.91830000
5.95000000 0.75630000
6.05000000 0.62520000
6.15000000 0.52400000
6.25000000 0.44530000
6.35000000 0.38770000
6.45000000 0.34860000
6.55000000 0.32720000
6.65000000 0.31790000
6.75000000 0.32100000
6.85000000 0.33620000
6.95000000 0.35940000
7.05000000 0.39400000
7.15000000 0.43610000
7.25000000 0.48560000
7.35000000 0.54190000
7.45000000 0.60390000
7.55000000 0.67020000
7.65000000 0.73930000
7.75000000 0.81030000
7.85000000 0.88180000
7.95000000 0.95110000
8.05000000 1.01680000
8.15000000 1.07480000
8.25000000 1.12370000
8.35000000 1.16560000
8.45000000 1.19620000
8.55000000 1.21480000
8.65000000 1.21970000
8.75000000 1.21770000
8.85000000 1.20610000
8.95000000 1.18590000
9.05000000 1.15720000
9.15000000 1.12740000
9.25000000 1.09500000
9.35000000 1.06040000
9.45000000 1.02740000
9.55000000 0.99570000
9.65000000 0.96490000
9.75000000 0.93230000
9.85000000 0.90190000
9.95000000 0.87180000
10.05000000 0.84020000
10.15000000 0.80840000
10.25000000 0.77570000
10.35000000 0.74500000
10.45000000 0.71480000
10.55000000 0.68930000
10.65000000 0.66870000
10.75000000 0.65680000
10.85000000 0.65260000
10.95000000 0.65930000
11.05000000 0.67360000
11.15000000 0.69440000
11.25000000 0.71660000
11.35000000 0.73610000
11.45000000 0.75820000
11.55000000 0.78050000
11.65000000 0.80530000
11.75000000 0.83560000
11.85000000 0.87100000
11.95000000 0.90860000
12.05000000 0.94930000
12.15000000 0.98910000
12.25000000 1.02570000
12.35000000 1.05810000
12.45000000 1.07980000
12.55000000 1.09330000
12.65000000 1.09990000
12.75000000 1.10280000
12.85000000 1.10520000
12.95000000 1.10680000
13.05000000 1.10900000
13.15000000 1.11090000
13.25000000 1.11270000
13.35000000 1.11310000
13.45000000 1.10890000
13.55000000 1.09690000
13.65000000 1.07870000
13.75000000 1.05490000
13.85000000 1.02690000
13.95000000 0.99800000
105
3.55000000 0.02320000
3.65000000 0.09950000
3.75000000 0.25150000
3.85000000 0.47630000
3.95000000 0.78280000
4.05000000 1.15630000
4.15000000 1.59300000
4.25000000 2.03300000
4.35000000 2.44090000
4.45000000 2.76490000
4.55000000 2.97190000
4.65000000 3.07690000
4.75000000 3.10630000
4.85000000 3.09330000
4.95000000 3.04160000
5.05000000 2.94160000
5.15000000 2.76730000
5.25000000 2.51590000
5.35000000 2.21520000
5.45000000 1.90510000
5.55000000 1.60510000
5.65000000 1.34140000
5.75000000 1.11190000
5.85000000 0.91860000
5.95000000 0.75420000
6.05000000 0.62230000
6.15000000 0.51930000
6.25000000 0.44110000
6.35000000 0.38330000
6.45000000 0.34340000
6.55000000 0.32150000
6.65000000 0.31280000
6.75000000 0.31500000
6.85000000 0.32910000
6.95000000 0.35290000
7.05000000 0.38670000
7.15000000 0.42920000
7.25000000 0.47840000
7.35000000 0.53510000
7.45000000 0.59670000
7.55000000 0.66550000
7.65000000 0.73540000
7.75000000 0.80660000
7.85000000 0.87860000
7.95000000 0.94890000
8.05000000 1.01370000
8.15000000 1.07340000
8.25000000 1.12430000
8.35000000 1.16790000
8.45000000 1.19850000
8.55000000 1.21850000
8.65000000 1.22580000
8.75000000 1.22450000
8.85000000 1.21390000
8.95000000 1.19310000
9.05000000 1.16610000
9.15000000 1.13720000
9.25000000 1.10440000
9.35000000 1.06960000
9.45000000 1.03690000
9.55000000 1.00510000
9.65000000 0.97330000
9.75000000 0.94130000
9.85000000 0.90910000
9.95000000 0.87850000
10.05000000 0.84680000
10.15000000 0.81350000
10.25000000 0.78070000
10.35000000 0.74690000
10.45000000 0.71570000
10.55000000 0.68850000
10.65000000 0.66650000
10.75000000 0.65320000
10.85000000 0.64760000
10.95000000 0.65330000
11.05000000 0.66670000
11.15000000 0.68650000
11.25000000 0.70660000
11.35000000 0.72680000
11.45000000 0.74800000
11.55000000 0.76980000
11.65000000 0.79520000
11.75000000 0.82680000
11.85000000 0.86200000
11.95000000 0.90120000
12.05000000 0.94260000
12.15000000 0.98340000
12.25000000 1.02250000
12.35000000 1.05420000
12.45000000 1.07840000
12.55000000 1.09290000
12.65000000 1.10110000
12.75000000 1.10510000
12.85000000 1.10780000
12.95000000 1.11120000
13.05000000 1.11380000
13.15000000 1.11620000
13.25000000 1.11920000
13.35000000 1.11990000
13.45000000 1.11590000
13.55000000 1.10510000
13.65000000 1.08710000
13.75000000 1.06190000
13.85000000 1.03390000
13.95000000 1.00570000
105
3.55000000 0.02330000
3.65000000 0.10150000
3.75000000 0.25500000
3.85000000 0.47980000
3.95000000 0.78320000
4.05000000 1.15450000
4.15000000 1.58220000
4.25000000 2.01530000
4.35000000 2.40820000
4.45000000 2.72050000
4.55000000 2.91800000
4.65000000 3.01840000
4.75000000 3.04360000
4.85000000 3.02590000
4.95000000 2.97200000
5.05000000 2.87270000
5.15000000 2.70190000
5.25000000 2.46290000
5.35000000 2.17370000
5.45000000 1.87380000
5.55000000 1.58970000
5.65000000 1.33350000
5.75000000 1.11340000
5.85000000 0.92560000
5.95000000 0.76820000
6.05000000 0.63980000
6.15000000 0.53990000
6.25000000 0.46310000
6.35000000 0.40490000
6.45000000 0.36600000
6.55000000 0.34380000
6.65000000 0.33540000
6.75000000 0.33840000
6.85000000 0.35320000
6.95000000 0.37570000
7.05000000 0.40950000
7.15000000 0.45010000
7.25000000 0.49970000
7.35000000 0.55330000
7.45000000 0.61340000
7.55000000 0.67860000
7.65000000 0.74560000
7.75000000 0.81270000
7.85000000 0.88330000
7.95000000 0.94990000
8.05000000 1.01250000
8.15000000 1.06810000
8.25000000 1.11610000
8.35000000 1.15860000
8.45000000 1.18820000
8.55000000 1.20800000
8.65000000 1.21300000
8.75000000 1.21190000
8.85000000 1.19950000
8.95000000 1.18100000
9.05000000 1.15410000
9.15000000 1.12590000
9.25000000 1.09420000
9.35000000 1.06160000
9.45000000 1.02860000
9.55000000 0.99640000
9.65000000 0.96530000
9.75000000 0.93440000
9.85000000 0.90330000
9.95000000 0.87300000
10.05000000 0.84180000
10.15000000 0.80950000
10.25000000 0.77710000
10.35000000 0.74550000
10.45000000 0.71630000
10.55000000 0.69140000
10.65000000 0.67250000
10.75000000 0.66050000
10.85000000 0.65700000
10.95000000 0.66340000
11.05000000 0.67760000
11.15000000 0.69790000
11.25000000 0.71830000
11.35000000 0.73810000
11.45000000 0.75830000
11.55000000 0.77830000
11.65000000 0.80260000
11.75000000 0.83180000
11.85000000 0.86550000
11.95000000 0.90340000
12.05000000 0.94330000
12.15000000 0.98290000
12.25000000 1.01930000
12.35000000 1.05030000
12.45000000 1.07300000
12.55000000 1.08630000
12.65000000 1.09370000
12.75000000 1.09590000
12.85000000 1.09800000
12.95000000 1.09880000
13.05000000 1.10120000
13.15000000 1.10270000
13.25000000 1.10530000
13.35000000 1.10560000
13.45000000 1.10120000
13.55000000 1.09090000
13.65000000 1.07390000
13.75000000 1.05110000
13.85000000 1.02490000
13.95000000 0.99910000
105
3.55000000 0.02350000
3.65000000 0.10090000
3.75000000 0.25270000
3.85000000 0.47900000
3.95000000 0.78250000
4.05000000 1.15970000
4.15000000 1.59080000
4.25000000 2.03160000
4.35000000 2.43380000
4.45000000 2.75030000
4.55000000 2.95740000
4.65000000 3.05720000
4.75000000 3.08430000
4.85000000 3.06560000
4.95000000 3.01470000
5.05000000 2.91150000
5.15000000 2.73810000
5.25000000 2.49060000
5.35000000 2.19510000
5.45000000 1.88870000
5.55000000 1.59490000
5.65000000 1.33510000
5.75000000 1.10990000
5.85000000 0.91860000
5.95000000 0.75730000
6.05000000 0.62760000
6.15000000 0.52560000
6.25000000 0.44890000
6.35000000 0.39010000
6.45000000 0.35110000
6.55000000 0.32890000
6.65000000 0.32050000
6.75000000 0.32290000
6.85000000 0.33770000
6.95000000 0.36150000
7.05000000 0.39500000
7.15000000 0.43630000
7.25000000 0.48620000
7.35000000 0.54250000
7.45000000 0.60390000
7.55000000 0.67000000
7.65000000 0.73970000
7.75000000 0.80980000
7.85000000 0.88200000
7.95000000 0.95090000
8.05000000 1.01580000
8.15000000 1.07230000
8.25000000 1.12180000
8.35000000 1.16520000
8.45000000 1.19510000
8.55000000 1.21410000
8.65000000 1.22070000
8.75000000 1.21860000
8.85000000 1.20650000
8.95000000 1.18680000
9.05000000 1.16010000
9.15000000 1.13080000
9.25000000 1.09890000
9.35000000 1.06480000
9.45000000 1.03180000
9.55000000 1.00000000
9.65000000 0.96850000
9.75000000 0.93770000
9.85000000 0.90530000
9.95000000 0.87570000
10.05000000 0.84350000
10.15000000 0.81060000
10.25000000 0.77800000
10.35000000 0.74570000
10.45000000 0.71500000
10.55000000 0.68930000
10.65000000 0.66870000
10.75000000 0.65570000
10.85000000 0.65120000
10.95000000 0.65720000
11.05000000 0.67170000
11.15000000 0.69120000
11.25000000 0.71200000
11.35000000 0.73200000
11.45000000 0.75320000
11.55000000 0.77490000
11.65000000 0.80060000
11.75000000 0.83120000
11.85000000 0.86520000
11.95000000 0.90370000
12.05000000 0.94480000
12.15000000 0.98560000
12.25000000 1.02280000
12.35000000 1.05430000
12.45000000 1.07740000
12.55000000 1.09100000
12.65000000 1.09890000
12.75000000 1.10250000
12.85000000 1.10520000
12.95000000 1.10760000
13.05000000 1.11050000
13.15000000 1.11210000
13.25000000 1.11430000
13.35000000 1.11420000
13.45000000 1.11090000
13.55000000 1.10010000
13.65000000 1.08120000
13.75000000 1.05670000
13.85000000 1.02890000
13.95000000 1.00110000
105
3.55000000 0.02280000
3.65000000 0.09940000
3.75000000 0.25030000
3.85000000 0.47720000
3.95000000 0.78170000
4.05000000 1.16040000
4.15000000 1.59410000
4.25000000 2.03930000
4.35000000 2.44880000
4.45000000 2.76990000
4.55000000 2.97960000
4.65000000 3.07810000
4.75000000 3.10830000
4.85000000 3.09220000
4.95000000 3.03710000
5.05000000 2.93400000
5.15000000 2.75730000
5.25000000 2.50700000
5.35000000 2.20960000
5.45000000 1.89810000
5.55000000 1.60120000
5.65000000 1.33690000
5.75000000 1.10730000
5.85000000 0.91440000
5.95000000 0.75260000
6.05000000 0.62120000
6.15000000 0.51910000
6.25000000 0.44030000
6.35000000 0.38290000
6.45000000 0.34310000
6.55000000 0.32090000
6.65000000 0.31200000
6.75000000 0.31470000
6.85000000 0.33000000
6.95000000 0.35340000
7.05000000 0.38710000
7.15000000 0.42890000
7.25000000 0.47930000
7.35000000 0.53700000
7.45000000 0.60040000
7.55000000 0.66830000
7.65000000 0.73820000
7.75000000 0.81080000
7.85000000 0.88320000
7.95000000 0.95440000
8.05000000 1.01900000
8.15000000 1.07720000
8.25000000 1.12890000
8.35000000 1.17080000
8.45000000 1.20130000
8.55000000 1.22030000
8.65000000 1.22690000
8.75000000 1.22490000
8.85000000 1.21290000
8.95000000 1.19100000
9.05000000 1.16280000
9.15000000 1.13270000
9.25000000 1.09960000
9.35000000 1.06430000
9.45000000 1.03150000
9.55000000 1.00050000
9.65000000 0.96870000
9.75000000 0.93650000
9.85000000 0.90510000
9.95000000 0.87390000
10.05000000 0.84240000
10.15000000 0.80940000
10.25000000 0.77550000
10.35000000 0.74310000
10.45000000 0.71190000
10.55000000 0.68570000
10.65000000 0.66480000
10.75000000 0.65140000
10.85000000 0.64610000
10.95000000 0.65210000
11.05000000 0.66630000
11.15000000 0.68630000
11.25000000 0.70860000
11.35000000 0.72900000
11.45000000 0.75060000
11.55000000 0.77350000
11.65000000 0.80030000
11.75000000 0.83140000
11.85000000 0.86740000
11.95000000 0.90740000
12.05000000 0.94870000
12.15000000 0.98970000
12.25000000 1.02800000
12.35000000 1.06010000
12.45000000 1.08250000
12.55000000 1.09680000
12.65000000 1.10330000
12.75000000 1.10660000
12.85000000 1.10850000
12.95000000 1.10960000
13.05000000 1.11230000
13.15000000 1.11370000
13.25000000 1.11560000
13.35000000 1.11560000
13.45000000 1.11140000
13.55000000 1.10060000
13.65000000 1.08130000
13.75000000 1.05710000
13.85000000 1.02850000
13.95000000 1.00040000
105
3.55000000 0.02290000
3.65000000 0.09890000
3.75000000 0.24980000
3.85000000 0.47770000
3.95000000 0.78550000
4.05000000 1.16640000
4.15000000 1.60820000
4.25000000 2.05290000
4.35000000 2.46910000
4.45000000 2.78980000
4.55000000 3.00250000
4.65000000 3.10650000
4.75000000 3.13390000
4.85000000 3.11520000
4.95000000 3.05800000
5.05000000 2.95390000
5.15000000 2.76970000
5.25000000 2.51810000
5.35000000 2.21370000
5.45000000 1.90130000
5.55000000 1.59930000
5.65000000 1.33120000
5.75000000 1.10400000
5.85000000 0.90780000
5.95000000 0.74390000
6.05000000 0.61370000
6.15000000 0.51140000
6.25000000 0.43330000
6.35000000 0.37620000
6.45000000 0.33700000
6.55000000 0.31450000
6.65000000 0.30680000
6.75000000 0.31040000
6.85000000 0.32510000
6.95000000 0.34970000
7.05000000 0.38470000
7.15000000 0.42750000
7.25000000 0.48000000
7.35000000 0.53770000
7.45000000 0.60230000
7.55000000 0.67120000
7.65000000 0.74350000
7.75000000 0.81780000
7.85000000 0.89150000
7.95000000 0.96350000
8.05000000 1.02860000
8.15000000 1.08690000
8.25000000 1.13830000
8.35000000 1.18060000
8.45000000 1.21050000
8.55000000 1.22860000
8.65000000 1.23400000
8.75000000 1.23010000
8.85000000 1.21770000
8.95000000 1.19650000
9.05000000 1.16880000
9.15000000 1.13760000
9.25000000 1.10460000
9.35000000 1.06880000
9.45000000 1.03340000
9.55000000 1.00100000
9.65000000 0.96900000
9.75000000 0.93540000
9.85000000 0.90270000
9.95000000 0.87090000
10.05000000 0.83790000
10.15000000 0.80420000
10.25000000 0.76890000
10.35000000 0.73570000
10.45000000 0.70380000
10.55000000 0.67700000
10.65000000 0.65520000
10.75000000 0.64180000
10.85000000 0.63680000
10.95000000 0.64250000
11.05000000 0.65760000
11.15000000 0.67870000
11.25000000 0.70110000
11.35000000 0.72310000
11.45000000 0.74580000
11.55000000 0.77010000
11.65000000 0.79780000
11.75000000 0.83000000
11.85000000 0.86680000
11.95000000 0.90830000
12.05000000 0.95080000
12.15000000 0.99270000
12.25000000 1.03230000
12.35000000 1.06390000
12.45000000 1.08710000
12.55000000 1.10130000
12.65000000 1.10840000
12.75000000 1.11150000
12.85000000 1.11280000
12.95000000 1.11460000
13.05000000 1.11590000
13.15000000 1.11700000
13.25000000 1.11870000
13.35000000 1.11800000
13.45000000 1.11210000
13.55000000 1.10000000
13.65000000 1.08150000
13.75000000 1.05550000
13.85000000 1.02660000
13.95000000 0.99830000
105
3.55000000 0.02390000
3.65000000 0.10290000
3.75000000 0.25610000
3.85000000 0.48360000
3.95000000 0.78650000
4.05000000 1.15940000
4.15000000 1.58380000
4.25000000 2.01780000
4.35000000 2.41500000
4.45000000 2.72640000
4.55000000 2.92470000
4.65000000 3.02180000
4.75000000 3.05190000
4.85000000 3.03280000
4.95000000 2.97920000
5.05000000 2.88170000
5.15000000 2.71040000
5.25000000 2.47040000
5.35000000 2.18040000
5.45000000 1.88140000
5.55000000 1.59350000
5.65000000 1.33850000
5.75000000 1.11680000
5.85000000 0.93020000
5.95000000 0.77040000
6.05000000 0.64200000
6.15000000 0.54100000
6.25000000 0.46490000
6.35000000 0.40660000
6.45000000 0.36610000
6.55000000 0.34470000
6.65000000 0.33570000
6.75000000 0.33910000
6.85000000 0.35210000
6.95000000 0.37620000
7.05000000 0.40850000
7.15000000 0.44890000
7.25000000 0.49740000
7.35000000 0.55110000
7.45000000 0.61070000
7.55000000 0.67390000
7.65000000 0.74180000
7.75000000 0.80930000
7.85000000 0.87770000
7.95000000 0.94750000
8.05000000 1.00920000
8.15000000 1.06410000
8.25000000 1.11550000
8.35000000 1.15650000
8.45000000 1.18670000
8.55000000 1.20600000
8.65000000 1.21370000
8.75000000 1.21160000
8.85000000 1.20130000
8.95000000 1.18190000
9.05000000 1.15670000
9.15000000 1.12660000
9.25000000 1.09560000
9.35000000 1.06290000
9.45000000 1.02990000
9.55000000 0.99860000
9.65000000 0.96830000
9.75000000 0.93650000
9.85000000 0.90590000
9.95000000 0.87500000
10.05000000 0.84400000
10.15000000 0.81120000
10.25000000 0.77970000
10.35000000 0.74850000
10.45000000 0.71870000
10.55000000 0.69330000
10.65000000 0.67390000
10.75000000 0.66200000
10.85000000 0.65750000
10.95000000 0.66320000
11.05000000 0.67800000
11.15000000 0.69750000
11.25000000 0.71700000
11.35000000 0.73620000
11.45000000 0.75530000
11.55000000 0.77570000
11.65000000 0.79930000
11.75000000 0.82810000
11.85000000 0.86100000
11.95000000 0.89810000
12.05000000 0.93820000
12.15000000 0.97800000
12.25000000 1.01570000
12.35000000 1.04580000
12.45000000 1.06830000
12.55000000 1.08270000
12.65000000 1.09100000
12.75000000 1.09370000
12.85000000 1.09690000
12.95000000 1.09880000
13.05000000 1.10140000
13.15000000 1.10360000
13.25000000 1.10530000
13.35000000 1.10630000
13.45000000 1.10250000
13.55000000 1.09230000
13.65000000 1.07550000
13.75000000 1.05320000
13.85000000 1.02690000
13.95000000 1.00080000
105
3.55000000 0.02340000
3.65000000 0.10000000
3.75000000 0.25130000
3.85000000 0.47570000
3.95000000 0.77640000
4.05000000 1.14850000
4.15000000 1.57390000
4.25000000 2.01120000
4.35000000 2.41060000
4.45000000 2.72400000
4.55000000 2.93070000
4.65000000 3.03120000
4.75000000 3.06050000
4.85000000 3.04580000
4.95000000 2.99520000
5.05000000 2.89690000
5.15000000 2.72730000
5.25000000 2.48450000
5.35000000 2.19390000
5.45000000 1.88980000
5.55000000 1.60090000
5.65000000 1.33930000
5.75000000 1.11780000
5.85000000 0.92620000
5.95000000 0.76710000
6.05000000 0.63800000
6.15000000 0.53620000
6.25000000 0.45830000
6.35000000 0.39990000
6.45000000 0.36100000
6.55000000 0.33780000
6.65000000 0.32970000
6.75000000 0.33150000
6.85000000 0.34530000
6.95000000 0.36910000
7.05000000 0.40180000
7.15000000 0.44290000
7.25000000 0.49120000
7.35000000 0.54580000
7.45000000 0.60620000
7.55000000 0.67030000
7.65000000 0.73830000
7.75000000 0.80730000
7.85000000 0.87780000
7.95000000 0.94620000
8.05000000 1.00820000
8.15000000 1.06550000
8.25000000 1.11640000
8.35000000 1.15700000
8.45000000 1.18800000
8.55000000 1.20860000
8.65000000 1.21440000
8.75000000 1.21250000
8.85000000 1.20260000
8.95000000 1.18250000
9.05000000 1.15560000
9.15000000 1.12780000
9.25000000 1.09630000
9.35000000 1.06180000
9.45000000 1.02960000
9.55000000 0.99720000
9.65000000 0.96630000
9.75000000 0.93530000
9.85000000 0.90380000
9.95000000 0.87370000
10.05000000 0.84210000
10.15000000 0.81030000
10.25000000 0.77700000
10.35000000 0.74460000
10.45000000 0.71460000
10.55000000 0.68930000
10.65000000 0.66970000
10.75000000 0.65690000
10.85000000 0.65220000
10.95000000 0.65790000
11.05000000 0.67280000
11.15000000 0.69220000
11.25000000 0.71280000
11.35000000 0.73240000
11.45000000 0.75200000
11.55000000 0.77260000
11.65000000 0.79740000
11.75000000 0.82700000
11.85000000 0.86100000
11.95000000 0.89900000
12.05000000 0.93910000
12.15000000 0.97950000
12.25000000 1.01700000
12.35000000 1.04830000
12.45000000 1.07090000
12.55000000 1.08680000
12.65000000 1.09370000
12.75000000 1.09740000
12.85000000 1.09970000
12.95000000 1.10150000
13.05000000 1.10490000
13.15000000 1.10650000
13.25000000 1.10870000
13.35000000 1.10970000
13.45000000 1.10580000
13.55000000 1.09590000
13.65000000 1.07860000
13.75000000 1.05620000
13.85000000 1.02840000
13.95000000 1.00260000
