 40
110
4.05000000 0.00310000
4.15000000 0.02460000
4.25000000 0.07120000
4.35000000 0.17640000
4.45000000 0.35840000
4.55000000 0.63770000
4.65000000 0.99790000
4.75000000 1.45030000
4.85000000 1.90250000
4.95000000 2.30740000
5.05000000 2.56240000
5.15000000 2.68630000
5.25000000 2.67730000
5.35000000 2.54930000
5.45000000 2.33470000
5.55000000 2.10530000
5.65000000 1.88670000
5.75000000 1.66750000
5.85000000 1.48260000
5.95000000 1.31400000
6.05000000 1.17550000
6.15000000 1.06230000
6.25000000 0.96810000
6.35000000 0.89210000
6.45000000 0.81970000
6.55000000 0.76390000
6.65000000 0.74500000
6.75000000 0.72930000
6.85000000 0.72470000
6.95000000 0.72890000
7.05000000 0.74930000
7.15000000 0.76190000
7.25000000 0.77520000
7.35000000 0.79640000
7.45000000 0.81590000
7.55000000 0.83560000
7.65000000 0.86090000
7.75000000 0.87960000
7.85000000 0.89220000
7.95000000 0.90720000
8.05000000 0.92550000
8.15000000 0.93790000
8.25000000 0.94280000
8.35000000 0.95670000
8.45000000 0.96380000
8.55000000 0.96960000
8.65000000 0.97770000
8.75000000 0.99500000
8.85000000 1.00610000
8.95000000 1.02490000
9.05000000 1.02910000
9.15000000 1.03750000
9.25000000 1.04270000
9.35000000 1.05150000
9.45000000 1.06310000
9.55000000 1.06820000
9.65000000 1.06560000
9.75000000 1.06740000
9.85000000 1.06720000
9.95000000 1.06060000
10.05000000 1.04200000
10.15000000 1.03500000
10.25000000 1.01870000
10.35000000 0.99680000
10.45000000 0.96800000
10.55000000 0.94430000
10.65000000 0.92810000
10.75000000 0.90370000
10.85000000 0.88430000
10.95000000 0.87280000
11.05000000 0.85710000
11.15000000 0.84360000
11.25000000 0.83190000
11.35000000 0.82310000
11.45000000 0.81280000
11.55000000 0.81020000
11.65000000 0.80820000
11.75000000 0.80510000
11.85000000 0.80980000
11.95000000 0.81270000
12.05000000 0.81470000
12.15000000 0.81730000
12.25000000 0.82450000
12.35000000 0.83260000
12.45000000 0.83860000
12.55000000 0.84940000
12.65000000 0.85820000
12.75000000 0.86980000
12.85000000 0.88000000
12.95000000 0.89150000
13.05000000 0.90770000
13.15000000 0.92080000
13.25000000 0.93410000
13.35000000 0.94810000
13.45000000 0.96670000
13.55000000 0.98060000
13.65000000 0.99690000
13.75000000 1.01590000
13.85000000 1.02950000
13.95000000 1.04120000
14.05000000 1.05030000
14.15000000 1.06080000
14.25000000 1.07640000
14.35000000 1.09070000
14.45000000 1.09880000
14.55000000 1.10720000
14.65000000 1.11840000
14.75000000 1.12660000
14.85000000 1.13290000
14.95000000 1.14040000
110
4.05000000 0.00470000
4.15000000 0.03020000
4.25000000 0.09120000
4.35000000 0.21230000
4.45000000 0.42500000
4.55000000 0.72250000
4.65000000 1.11390000
4.75000000 1.60030000
4.85000000 2.07090000
4.95000000 2.46670000
5.05000000 2.71160000
5.15000000 2.82210000
5.25000000 2.80800000
5.35000000 2.66670000
5.45000000 2.44060000
5.55000000 2.19440000
5.65000000 1.99000000
5.75000000 1.76410000
5.85000000 1.58120000
5.95000000 1.41490000
6.05000000 1.28230000
6.15000000 1.16920000
6.25000000 1.06940000
6.35000000 1.00300000
6.45000000 0.93660000
6.55000000 0.88960000
6.65000000 0.85900000
6.75000000 0.84690000
6.85000000 0.84610000
6.95000000 0.84960000
7.05000000 0.86770000
7.15000000 0.89320000
7.25000000 0.90670000
7.35000000 0.91890000
7.45000000 0.94760000
7.55000000 0.96810000
7.65000000 0.97790000
7.75000000 0.99900000
7.85000000 1.01290000
7.95000000 1.00870000
8.05000000 1.01370000
8.15000000 1.02080000
8.25000000 1.02040000
8.35000000 1.02180000
8.45000000 1.02040000
8.55000000 1.01130000
8.65000000 1.01390000
8.75000000 1.01520000
8.85000000 1.02530000
8.95000000 1.03230000
9.05000000 1.04020000
9.15000000 1.03980000
9.25000000 1.04360000
9.35000000 1.04910000
9.45000000 1.06180000
9.55000000 1.06190000
9.65000000 1.05720000
9.75000000 1.05420000
9.85000000 1.05090000
9.95000000 1.04900000
10.05000000 1.03510000
10.15000000 1.01970000
10.25000000 1.01240000
10.35000000 0.99400000
10.45000000 0.96550000
10.55000000 0.94890000
10.65000000 0.93140000
10.75000000 0.91280000
10.85000000 0.89610000
10.95000000 0.88800000
11.05000000 0.87580000
11.15000000 0.86430000
11.25000000 0.85540000
11.35000000 0.84690000
11.45000000 0.83900000
11.55000000 0.82940000
11.65000000 0.82830000
11.75000000 0.82760000
11.85000000 0.82430000
11.95000000 0.82670000
12.05000000 0.82430000
12.15000000 0.82540000
12.25000000 0.82840000
12.35000000 0.82880000
12.45000000 0.83420000
12.55000000 0.84120000
12.65000000 0.85230000
12.75000000 0.85540000
12.85000000 0.85940000
12.95000000 0.86960000
13.05000000 0.88370000
13.15000000 0.89660000
13.25000000 0.90750000
13.35000000 0.91920000
13.45000000 0.93110000
13.55000000 0.94580000
13.65000000 0.95750000
13.75000000 0.97020000
13.85000000 0.98230000
13.95000000 0.99200000
14.05000000 1.00360000
14.15000000 1.01060000
14.25000000 1.02550000
14.35000000 1.03760000
14.45000000 1.04990000
14.55000000 1.05760000
14.65000000 1.06750000
14.75000000 1.07630000
14.85000000 1.08420000
14.95000000 1.09690000
110
4.05000000 0.00340000
4.15000000 0.02810000
4.25000000 0.08010000
4.35000000 0.18890000
4.45000000 0.37360000
4.55000000 0.65170000
4.65000000 1.00020000
4.75000000 1.45530000
4.85000000 1.91090000
4.95000000 2.28830000
5.05000000 2.51870000
5.15000000 2.62470000
5.25000000 2.62490000
5.35000000 2.49850000
5.45000000 2.31390000
5.55000000 2.10770000
5.65000000 1.89920000
5.75000000 1.70670000
5.85000000 1.53180000
5.95000000 1.39100000
6.05000000 1.26240000
6.15000000 1.13980000
6.25000000 1.06570000
6.35000000 0.98250000
6.45000000 0.92730000
6.55000000 0.87720000
6.65000000 0.85890000
6.75000000 0.85040000
6.85000000 0.84720000
6.95000000 0.86720000
7.05000000 0.88200000
7.15000000 0.90630000
7.25000000 0.92190000
7.35000000 0.94340000
7.45000000 0.96680000
7.55000000 0.97670000
7.65000000 0.99950000
7.75000000 1.01770000
7.85000000 1.02630000
7.95000000 1.03420000
8.05000000 1.04210000
8.15000000 1.05210000
8.25000000 1.05130000
8.35000000 1.04940000
8.45000000 1.04960000
8.55000000 1.04390000
8.65000000 1.04680000
8.75000000 1.04780000
8.85000000 1.06230000
8.95000000 1.06630000
9.05000000 1.07290000
9.15000000 1.06760000
9.25000000 1.07240000
9.35000000 1.07110000
9.45000000 1.07540000
9.55000000 1.07620000
9.65000000 1.06780000
9.75000000 1.06010000
9.85000000 1.05260000
9.95000000 1.04930000
10.05000000 1.03430000
10.15000000 1.02080000
10.25000000 1.00870000
10.35000000 0.99340000
10.45000000 0.96770000
10.55000000 0.94290000
10.65000000 0.92180000
10.75000000 0.90360000
10.85000000 0.89040000
10.95000000 0.87890000
11.05000000 0.86870000
11.15000000 0.85700000
11.25000000 0.84570000
11.35000000 0.83710000
11.45000000 0.83270000
11.55000000 0.82870000
11.65000000 0.82520000
11.75000000 0.81770000
11.85000000 0.82290000
11.95000000 0.82200000
12.05000000 0.82400000
12.15000000 0.82530000
12.25000000 0.83000000
12.35000000 0.83420000
12.45000000 0.83650000
12.55000000 0.84010000
12.65000000 0.85500000
12.75000000 0.85430000
12.85000000 0.86270000
12.95000000 0.88020000
13.05000000 0.89000000
13.15000000 0.89820000
13.25000000 0.91330000
13.35000000 0.92960000
13.45000000 0.94500000
13.55000000 0.95640000
13.65000000 0.97050000
13.75000000 0.98540000
13.85000000 0.99400000
13.95000000 1.00070000
14.05000000 1.00610000
14.15000000 1.01610000
14.25000000 1.02490000
14.35000000 1.03680000
14.45000000 1.04300000
14.55000000 1.05470000
14.65000000 1.06290000
14.75000000 1.07170000
14.85000000 1.07690000
14.95000000 1.08570000
110
4.05000000 0.00350000
4.15000000 0.02240000
4.25000000 0.07080000
4.35000000 0.16720000
4.45000000 0.34550000
4.55000000 0.60900000
4.65000000 0.94380000
4.75000000 1.36750000
4.85000000 1.81590000
4.95000000 2.19430000
5.05000000 2.39780000
5.15000000 2.53430000
5.25000000 2.51610000
5.35000000 2.40870000
5.45000000 2.21430000
5.55000000 2.01930000
5.65000000 1.81940000
5.75000000 1.63270000
5.85000000 1.46750000
5.95000000 1.31140000
6.05000000 1.19250000
6.15000000 1.09460000
6.25000000 1.00820000
6.35000000 0.93410000
6.45000000 0.88440000
6.55000000 0.84280000
6.65000000 0.81220000
6.75000000 0.80480000
6.85000000 0.80140000
6.95000000 0.81480000
7.05000000 0.84340000
7.15000000 0.85870000
7.25000000 0.88090000
7.35000000 0.90090000
7.45000000 0.92710000
7.55000000 0.95080000
7.65000000 0.97930000
7.75000000 0.99860000
7.85000000 1.01920000
7.95000000 1.03500000
8.05000000 1.04940000
8.15000000 1.06940000
8.25000000 1.07870000
8.35000000 1.08890000
8.45000000 1.09480000
8.55000000 1.10680000
8.65000000 1.10480000
8.75000000 1.11720000
8.85000000 1.12720000
8.95000000 1.13520000
9.05000000 1.13790000
9.15000000 1.13030000
9.25000000 1.12780000
9.35000000 1.12850000
9.45000000 1.12920000
9.55000000 1.13280000
9.65000000 1.11740000
9.75000000 1.10600000
9.85000000 1.09820000
9.95000000 1.08180000
10.05000000 1.06640000
10.15000000 1.05640000
10.25000000 1.04460000
10.35000000 1.02300000
10.45000000 0.99890000
10.55000000 0.98140000
10.65000000 0.96540000
10.75000000 0.94720000
10.85000000 0.92820000
10.95000000 0.91670000
11.05000000 0.90380000
11.15000000 0.88700000
11.25000000 0.87000000
11.35000000 0.85950000
11.45000000 0.85180000
11.55000000 0.84380000
11.65000000 0.83490000
11.75000000 0.83250000
11.85000000 0.82600000
11.95000000 0.82690000
12.05000000 0.82720000
12.15000000 0.82310000
12.25000000 0.83000000
12.35000000 0.83480000
12.45000000 0.83500000
12.55000000 0.84320000
12.65000000 0.85310000
12.75000000 0.86150000
12.85000000 0.86700000
12.95000000 0.87680000
13.05000000 0.88340000
13.15000000 0.90020000
13.25000000 0.90910000
13.35000000 0.92730000
13.45000000 0.93310000
13.55000000 0.94670000
13.65000000 0.96930000
13.75000000 0.97830000
13.85000000 0.99110000
13.95000000 0.99970000
14.05000000 1.00150000
14.15000000 1.00880000
14.25000000 1.02040000
14.35000000 1.03020000
14.45000000 1.04300000
14.55000000 1.05000000
14.65000000 1.05610000
14.75000000 1.06500000
14.85000000 1.07070000
14.95000000 1.08050000
110
4.05000000 0.00270000
4.15000000 0.01940000
4.25000000 0.06080000
4.35000000 0.14660000
4.45000000 0.30430000
4.55000000 0.54700000
4.65000000 0.86950000
4.75000000 1.27610000
4.85000000 1.71130000
4.95000000 2.05480000
5.05000000 2.30910000
5.15000000 2.43050000
5.25000000 2.46350000
5.35000000 2.35440000
5.45000000 2.18520000
5.55000000 1.99510000
5.65000000 1.81800000
5.75000000 1.62730000
5.85000000 1.47530000
5.95000000 1.33390000
6.05000000 1.20990000
6.15000000 1.11150000
6.25000000 1.02270000
6.35000000 0.95710000
6.45000000 0.90190000
6.55000000 0.85330000
6.65000000 0.82500000
6.75000000 0.81890000
6.85000000 0.82130000
6.95000000 0.83050000
7.05000000 0.85290000
7.15000000 0.86700000
7.25000000 0.89060000
7.35000000 0.91550000
7.45000000 0.93940000
7.55000000 0.96490000
7.65000000 0.98550000
7.75000000 1.01290000
7.85000000 1.02750000
7.95000000 1.03580000
8.05000000 1.06180000
8.15000000 1.07770000
8.25000000 1.08990000
8.35000000 1.09570000
8.45000000 1.10380000
8.55000000 1.10780000
8.65000000 1.11670000
8.75000000 1.12030000
8.85000000 1.13600000
8.95000000 1.14190000
9.05000000 1.14400000
9.15000000 1.14200000
9.25000000 1.14170000
9.35000000 1.13570000
9.45000000 1.14000000
9.55000000 1.13810000
9.65000000 1.12700000
9.75000000 1.11690000
9.85000000 1.10460000
9.95000000 1.09750000
10.05000000 1.08010000
10.15000000 1.06570000
10.25000000 1.04830000
10.35000000 1.02750000
10.45000000 1.00170000
10.55000000 0.98480000
10.65000000 0.97320000
10.75000000 0.95160000
10.85000000 0.93800000
10.95000000 0.92300000
11.05000000 0.91350000
11.15000000 0.90220000
11.25000000 0.88870000
11.35000000 0.87570000
11.45000000 0.86460000
11.55000000 0.85870000
11.65000000 0.85330000
11.75000000 0.84770000
11.85000000 0.84820000
11.95000000 0.84350000
12.05000000 0.84630000
12.15000000 0.84240000
12.25000000 0.84480000
12.35000000 0.84850000
12.45000000 0.84930000
12.55000000 0.85980000
12.65000000 0.86940000
12.75000000 0.87250000
12.85000000 0.87880000
12.95000000 0.89320000
13.05000000 0.90230000
13.15000000 0.91070000
13.25000000 0.92140000
13.35000000 0.93700000
13.45000000 0.94490000
13.55000000 0.95690000
13.65000000 0.96720000
13.75000000 0.98050000
13.85000000 0.98710000
13.95000000 0.99390000
14.05000000 0.99880000
14.15000000 1.00800000
14.25000000 1.01600000
14.35000000 1.02820000
14.45000000 1.03680000
14.55000000 1.04430000
14.65000000 1.05090000
14.75000000 1.05800000
14.85000000 1.06110000
14.95000000 1.06850000
110
4.05000000 0.00300000
4.15000000 0.01880000
4.25000000 0.05720000
4.35000000 0.13910000
4.45000000 0.28340000
4.55000000 0.50090000
4.65000000 0.81080000
4.75000000 1.18120000
4.85000000 1.58180000
4.95000000 1.94020000
5.05000000 2.16350000
5.15000000 2.29350000
5.25000000 2.30400000
5.35000000 2.22120000
5.45000000 2.07170000
5.55000000 1.87730000
5.65000000 1.72450000
5.75000000 1.55290000
5.85000000 1.38990000
5.95000000 1.27060000
6.05000000 1.15840000
6.15000000 1.05860000
6.25000000 0.97740000
6.35000000 0.91210000
6.45000000 0.84780000
6.55000000 0.80940000
6.65000000 0.78280000
6.75000000 0.78180000
6.85000000 0.77940000
6.95000000 0.79750000
7.05000000 0.81040000
7.15000000 0.83420000
7.25000000 0.84750000
7.35000000 0.87690000
7.45000000 0.90280000
7.55000000 0.91720000
7.65000000 0.94070000
7.75000000 0.96250000
7.85000000 0.98460000
7.95000000 0.99740000
8.05000000 1.01700000
8.15000000 1.03440000
8.25000000 1.04050000
8.35000000 1.04530000
8.45000000 1.05290000
8.55000000 1.06350000
8.65000000 1.06640000
8.75000000 1.07630000
8.85000000 1.08870000
8.95000000 1.09630000
9.05000000 1.10510000
9.15000000 1.09410000
9.25000000 1.09840000
9.35000000 1.10110000
9.45000000 1.10390000
9.55000000 1.10280000
9.65000000 1.09180000
9.75000000 1.08810000
9.85000000 1.08740000
9.95000000 1.07850000
10.05000000 1.06290000
10.15000000 1.05660000
10.25000000 1.04950000
10.35000000 1.03000000
10.45000000 1.00620000
10.55000000 0.99130000
10.65000000 0.98300000
10.75000000 0.96520000
10.85000000 0.94790000
10.95000000 0.93940000
11.05000000 0.92560000
11.15000000 0.91810000
11.25000000 0.90770000
11.35000000 0.89870000
11.45000000 0.89150000
11.55000000 0.88500000
11.65000000 0.88030000
11.75000000 0.87330000
11.85000000 0.87410000
11.95000000 0.87450000
12.05000000 0.86970000
12.15000000 0.86590000
12.25000000 0.87040000
12.35000000 0.87180000
12.45000000 0.87810000
12.55000000 0.88610000
12.65000000 0.89260000
12.75000000 0.89920000
12.85000000 0.90750000
12.95000000 0.91550000
13.05000000 0.92900000
13.15000000 0.93740000
13.25000000 0.94890000
13.35000000 0.95480000
13.45000000 0.96960000
13.55000000 0.98590000
13.65000000 0.99750000
13.75000000 1.00580000
13.85000000 1.01720000
13.95000000 1.01870000
14.05000000 1.02640000
14.15000000 1.03240000
14.25000000 1.04140000
14.35000000 1.04800000
14.45000000 1.05330000
14.55000000 1.05740000
14.65000000 1.06540000
14.75000000 1.07000000
14.85000000 1.07270000
14.95000000 1.07300000
110
4.05000000 0.00330000
4.15000000 0.01920000
4.25000000 0.05890000
4.35000000 0.14570000
4.45000000 0.29950000
4.55000000 0.53080000
4.65000000 0.83750000
4.75000000 1.23470000
4.85000000 1.64520000
4.95000000 1.98740000
5.05000000 2.21700000
5.15000000 2.34180000
5.25000000 2.36650000
5.35000000 2.26390000
5.45000000 2.11170000
5.55000000 1.91730000
5.65000000 1.74160000
5.75000000 1.56640000
5.85000000 1.41340000
5.95000000 1.26820000
6.05000000 1.16480000
6.15000000 1.06760000
6.25000000 0.98110000
6.35000000 0.91970000
6.45000000 0.86610000
6.55000000 0.81610000
6.65000000 0.80550000
6.75000000 0.79310000
6.85000000 0.79610000
6.95000000 0.80780000
7.05000000 0.83330000
7.15000000 0.84860000
7.25000000 0.87270000
7.35000000 0.89280000
7.45000000 0.91530000
7.55000000 0.93840000
7.65000000 0.96370000
7.75000000 0.99090000
7.85000000 1.00570000
7.95000000 1.01570000
8.05000000 1.03340000
8.15000000 1.04780000
8.25000000 1.05520000
8.35000000 1.05790000
8.45000000 1.06580000
8.55000000 1.07080000
8.65000000 1.07420000
8.75000000 1.08100000
8.85000000 1.09590000
8.95000000 1.10110000
9.05000000 1.10700000
9.15000000 1.10370000
9.25000000 1.10810000
9.35000000 1.11070000
9.45000000 1.11480000
9.55000000 1.11110000
9.65000000 1.10990000
9.75000000 1.10550000
9.85000000 1.10130000
9.95000000 1.10260000
10.05000000 1.08910000
10.15000000 1.07260000
10.25000000 1.06750000
10.35000000 1.05590000
10.45000000 1.03460000
10.55000000 1.01660000
10.65000000 1.00030000
10.75000000 0.98690000
10.85000000 0.97110000
10.95000000 0.95730000
11.05000000 0.94900000
11.15000000 0.93630000
11.25000000 0.93040000
11.35000000 0.91910000
11.45000000 0.91520000
11.55000000 0.90780000
11.65000000 0.90340000
11.75000000 0.89810000
11.85000000 0.89480000
11.95000000 0.89520000
12.05000000 0.89040000
12.15000000 0.89070000
12.25000000 0.89390000
12.35000000 0.89270000
12.45000000 0.89910000
12.55000000 0.90160000
12.65000000 0.91270000
12.75000000 0.90900000
12.85000000 0.91670000
12.95000000 0.92590000
13.05000000 0.93180000
13.15000000 0.93940000
13.25000000 0.94990000
13.35000000 0.96420000
13.45000000 0.97170000
13.55000000 0.97700000
13.65000000 0.99060000
13.75000000 1.00010000
13.85000000 1.00450000
13.95000000 1.01400000
14.05000000 1.01880000
14.15000000 1.02430000
14.25000000 1.03190000
14.35000000 1.04020000
14.45000000 1.04460000
14.55000000 1.04890000
14.65000000 1.05300000
14.75000000 1.05370000
14.85000000 1.05960000
14.95000000 1.06450000
110
4.05000000 0.00300000
4.15000000 0.01970000
4.25000000 0.05850000
4.35000000 0.14110000
4.45000000 0.29860000
4.55000000 0.52240000
4.65000000 0.82830000
4.75000000 1.21540000
4.85000000 1.61440000
4.95000000 1.95850000
5.05000000 2.20560000
5.15000000 2.33160000
5.25000000 2.36850000
5.35000000 2.29000000
5.45000000 2.11700000
5.55000000 1.94110000
5.65000000 1.76460000
5.75000000 1.58680000
5.85000000 1.42880000
5.95000000 1.29790000
6.05000000 1.18260000
6.15000000 1.09350000
6.25000000 1.01490000
6.35000000 0.94130000
6.45000000 0.88270000
6.55000000 0.84760000
6.65000000 0.82690000
6.75000000 0.81490000
6.85000000 0.81940000
6.95000000 0.83570000
7.05000000 0.85390000
7.15000000 0.87470000
7.25000000 0.89670000
7.35000000 0.91780000
7.45000000 0.94490000
7.55000000 0.95870000
7.65000000 0.98550000
7.75000000 1.00580000
7.85000000 1.02500000
7.95000000 1.03070000
8.05000000 1.04910000
8.15000000 1.06550000
8.25000000 1.06080000
8.35000000 1.07550000
8.45000000 1.08210000
8.55000000 1.07730000
8.65000000 1.07860000
8.75000000 1.09050000
8.85000000 1.10470000
8.95000000 1.10790000
9.05000000 1.11240000
9.15000000 1.10990000
9.25000000 1.10890000
9.35000000 1.10950000
9.45000000 1.11130000
9.55000000 1.11630000
9.65000000 1.10540000
9.75000000 1.09240000
9.85000000 1.09310000
9.95000000 1.08640000
10.05000000 1.07540000
10.15000000 1.06480000
10.25000000 1.05920000
10.35000000 1.04760000
10.45000000 1.02680000
10.55000000 1.00790000
10.65000000 0.99570000
10.75000000 0.98290000
10.85000000 0.96850000
10.95000000 0.95750000
11.05000000 0.95290000
11.15000000 0.93950000
11.25000000 0.92950000
11.35000000 0.91470000
11.45000000 0.90460000
11.55000000 0.89590000
11.65000000 0.89290000
11.75000000 0.88910000
11.85000000 0.88650000
11.95000000 0.88730000
12.05000000 0.88590000
12.15000000 0.88540000
12.25000000 0.89150000
12.35000000 0.88670000
12.45000000 0.88880000
12.55000000 0.89470000
12.65000000 0.90330000
12.75000000 0.90680000
12.85000000 0.90930000
12.95000000 0.92340000
13.05000000 0.93010000
13.15000000 0.94060000
13.25000000 0.94890000
13.35000000 0.95610000
13.45000000 0.97020000
13.55000000 0.98220000
13.65000000 0.99060000
13.75000000 1.00200000
13.85000000 1.01190000
13.95000000 1.01720000
14.05000000 1.02030000
14.15000000 1.02560000
14.25000000 1.03670000
14.35000000 1.04630000
14.45000000 1.05060000
14.55000000 1.05460000
14.65000000 1.05720000
14.75000000 1.06090000
14.85000000 1.06030000
14.95000000 1.06770000
110
4.05000000 0.00250000
4.15000000 0.02050000
4.25000000 0.05680000
4.35000000 0.14320000
4.45000000 0.29580000
4.55000000 0.52390000
4.65000000 0.82950000
4.75000000 1.21870000
4.85000000 1.62800000
4.95000000 1.98900000
5.05000000 2.21370000
5.15000000 2.34230000
5.25000000 2.36810000
5.35000000 2.28300000
5.45000000 2.13450000
5.55000000 1.94590000
5.65000000 1.78190000
5.75000000 1.60980000
5.85000000 1.44930000
5.95000000 1.31560000
6.05000000 1.19150000
6.15000000 1.09710000
6.25000000 1.01610000
6.35000000 0.94980000
6.45000000 0.89030000
6.55000000 0.84270000
6.65000000 0.82600000
6.75000000 0.81550000
6.85000000 0.81230000
6.95000000 0.82220000
7.05000000 0.84170000
7.15000000 0.86220000
7.25000000 0.86580000
7.35000000 0.88450000
7.45000000 0.91510000
7.55000000 0.92790000
7.65000000 0.94850000
7.75000000 0.97330000
7.85000000 0.98850000
7.95000000 0.99810000
8.05000000 1.01520000
8.15000000 1.03050000
8.25000000 1.04490000
8.35000000 1.04650000
8.45000000 1.05470000
8.55000000 1.05940000
8.65000000 1.06250000
8.75000000 1.07080000
8.85000000 1.09060000
8.95000000 1.09370000
9.05000000 1.09960000
9.15000000 1.09450000
9.25000000 1.09840000
9.35000000 1.10440000
9.45000000 1.11220000
9.55000000 1.10870000
9.65000000 1.10390000
9.75000000 1.10280000
9.85000000 1.10190000
9.95000000 1.09510000
10.05000000 1.08690000
10.15000000 1.07590000
10.25000000 1.06860000
10.35000000 1.05790000
10.45000000 1.02970000
10.55000000 1.01530000
10.65000000 1.00080000
10.75000000 0.98530000
10.85000000 0.97230000
10.95000000 0.96160000
11.05000000 0.95260000
11.15000000 0.93610000
11.25000000 0.92770000
11.35000000 0.91520000
11.45000000 0.90860000
11.55000000 0.90170000
11.65000000 0.89650000
11.75000000 0.89120000
11.85000000 0.88970000
11.95000000 0.88950000
12.05000000 0.88450000
12.15000000 0.88660000
12.25000000 0.88720000
12.35000000 0.88640000
12.45000000 0.89390000
12.55000000 0.89630000
12.65000000 0.90400000
12.75000000 0.90610000
12.85000000 0.91150000
12.95000000 0.91710000
13.05000000 0.92730000
13.15000000 0.93370000
13.25000000 0.94560000
13.35000000 0.96050000
13.45000000 0.97030000
13.55000000 0.98100000
13.65000000 0.99330000
13.75000000 1.00580000
13.85000000 1.01120000
13.95000000 1.01860000
14.05000000 1.02430000
14.15000000 1.02680000
14.25000000 1.03930000
14.35000000 1.04740000
14.45000000 1.05320000
14.55000000 1.05630000
14.65000000 1.05980000
14.75000000 1.06740000
14.85000000 1.06880000
14.95000000 1.07580000
110
4.05000000 0.00260000
4.15000000 0.01950000
4.25000000 0.05660000
4.35000000 0.13710000
4.45000000 0.28510000
4.55000000 0.50950000
4.65000000 0.80810000
4.75000000 1.18910000
4.85000000 1.59260000
4.95000000 1.95040000
5.05000000 2.20330000
5.15000000 2.32370000
5.25000000 2.36270000
5.35000000 2.27990000
5.45000000 2.12500000
5.55000000 1.93340000
5.65000000 1.76690000
5.75000000 1.59120000
5.85000000 1.43350000
5.95000000 1.30200000
6.05000000 1.19160000
6.15000000 1.08640000
6.25000000 1.00320000
6.35000000 0.94380000
6.45000000 0.88460000
6.55000000 0.83680000
6.65000000 0.81950000
6.75000000 0.81710000
6.85000000 0.81930000
6.95000000 0.82040000
7.05000000 0.84390000
7.15000000 0.86730000
7.25000000 0.88140000
7.35000000 0.90160000
7.45000000 0.92480000
7.55000000 0.94190000
7.65000000 0.96680000
7.75000000 0.98260000
7.85000000 0.99980000
7.95000000 1.01030000
8.05000000 1.02070000
8.15000000 1.04020000
8.25000000 1.04690000
8.35000000 1.05270000
8.45000000 1.06130000
8.55000000 1.05560000
8.65000000 1.06550000
8.75000000 1.07400000
8.85000000 1.08520000
8.95000000 1.09400000
9.05000000 1.09650000
9.15000000 1.09480000
9.25000000 1.09280000
9.35000000 1.09870000
9.45000000 1.10470000
9.55000000 1.10140000
9.65000000 1.09070000
9.75000000 1.09490000
9.85000000 1.08840000
9.95000000 1.08300000
10.05000000 1.07000000
10.15000000 1.06050000
10.25000000 1.05340000
10.35000000 1.03160000
10.45000000 1.01340000
10.55000000 0.99740000
10.65000000 0.98340000
10.75000000 0.96860000
10.85000000 0.95540000
10.95000000 0.94670000
11.05000000 0.93800000
11.15000000 0.92750000
11.25000000 0.92230000
11.35000000 0.90730000
11.45000000 0.90150000
11.55000000 0.89220000
11.65000000 0.89130000
11.75000000 0.88300000
11.85000000 0.88510000
11.95000000 0.88570000
12.05000000 0.88500000
12.15000000 0.87590000
12.25000000 0.87970000
12.35000000 0.88020000
12.45000000 0.88320000
12.55000000 0.89120000
12.65000000 0.89760000
12.75000000 0.89920000
12.85000000 0.90890000
12.95000000 0.91800000
13.05000000 0.92810000
13.15000000 0.93430000
13.25000000 0.94120000
13.35000000 0.95340000
13.45000000 0.96680000
13.55000000 0.97490000
13.65000000 0.98460000
13.75000000 0.99740000
13.85000000 1.00450000
13.95000000 1.00610000
14.05000000 1.01320000
14.15000000 1.01940000
14.25000000 1.02410000
14.35000000 1.03110000
14.45000000 1.03640000
14.55000000 1.04500000
14.65000000 1.05110000
14.75000000 1.05600000
14.85000000 1.05820000
14.95000000 1.06240000
110
4.05000000 0.00260000
4.15000000 0.01790000
4.25000000 0.05450000
4.35000000 0.14200000
4.45000000 0.28950000
4.55000000 0.51810000
4.65000000 0.84960000
4.75000000 1.22740000
4.85000000 1.63680000
4.95000000 2.01910000
5.05000000 2.23710000
5.15000000 2.38410000
5.25000000 2.41090000
5.35000000 2.31250000
5.45000000 2.15400000
5.55000000 1.97550000
5.65000000 1.80200000
5.75000000 1.61660000
5.85000000 1.45540000
5.95000000 1.31940000
6.05000000 1.19800000
6.15000000 1.09140000
6.25000000 1.00190000
6.35000000 0.94080000
6.45000000 0.86460000
6.55000000 0.82210000
6.65000000 0.78850000
6.75000000 0.77990000
6.85000000 0.78120000
6.95000000 0.79250000
7.05000000 0.80620000
7.15000000 0.82250000
7.25000000 0.83830000
7.35000000 0.85680000
7.45000000 0.87840000
7.55000000 0.89390000
7.65000000 0.91570000
7.75000000 0.93470000
7.85000000 0.94580000
7.95000000 0.96060000
8.05000000 0.98050000
8.15000000 0.99760000
8.25000000 1.00900000
8.35000000 1.01170000
8.45000000 1.01740000
8.55000000 1.02170000
8.65000000 1.02760000
8.75000000 1.03030000
8.85000000 1.04390000
8.95000000 1.05100000
9.05000000 1.05780000
9.15000000 1.05820000
9.25000000 1.05940000
9.35000000 1.06160000
9.45000000 1.07000000
9.55000000 1.07170000
9.65000000 1.06670000
9.75000000 1.05540000
9.85000000 1.05250000
9.95000000 1.05050000
10.05000000 1.03950000
10.15000000 1.02860000
10.25000000 1.02570000
10.35000000 1.01700000
10.45000000 0.99370000
10.55000000 0.97690000
10.65000000 0.96910000
10.75000000 0.95680000
10.85000000 0.93890000
10.95000000 0.93220000
11.05000000 0.92490000
11.15000000 0.90850000
11.25000000 0.90560000
11.35000000 0.89570000
11.45000000 0.88700000
11.55000000 0.88490000
11.65000000 0.88370000
11.75000000 0.88170000
11.85000000 0.88340000
11.95000000 0.88140000
12.05000000 0.88240000
12.15000000 0.88060000
12.25000000 0.89040000
12.35000000 0.88930000
12.45000000 0.89370000
12.55000000 0.90030000
12.65000000 0.90920000
12.75000000 0.91120000
12.85000000 0.91560000
12.95000000 0.92590000
13.05000000 0.93820000
13.15000000 0.94780000
13.25000000 0.95370000
13.35000000 0.97230000
13.45000000 0.98300000
13.55000000 0.98760000
13.65000000 1.00740000
13.75000000 1.01220000
13.85000000 1.02260000
13.95000000 1.02540000
14.05000000 1.02910000
14.15000000 1.03770000
14.25000000 1.04370000
14.35000000 1.05770000
14.45000000 1.06330000
14.55000000 1.06030000
14.65000000 1.07030000
14.75000000 1.06850000
14.85000000 1.07660000
14.95000000 1.07800000
110
4.05000000 0.00370000
4.15000000 0.02200000
4.25000000 0.04840000
4.35000000 0.13170000
4.45000000 0.27670000
4.55000000 0.51260000
4.65000000 0.80930000
4.75000000 1.17300000
4.85000000 1.55620000
4.95000000 1.86540000
5.05000000 2.06940000
5.15000000 2.24530000
5.25000000 2.28980000
5.35000000 2.14870000
5.45000000 2.05020000
5.55000000 1.86770000
5.65000000 1.69990000
5.75000000 1.54510000
5.85000000 1.40500000
5.95000000 1.24370000
6.05000000 1.16260000
6.15000000 1.06550000
6.25000000 0.98750000
6.35000000 0.93550000
6.45000000 0.88390000
6.55000000 0.84600000
6.65000000 0.84170000
6.75000000 0.82510000
6.85000000 0.84190000
6.95000000 0.84800000
7.05000000 0.87610000
7.15000000 0.90740000
7.25000000 0.90750000
7.35000000 0.93760000
7.45000000 0.94960000
7.55000000 0.97330000
7.65000000 1.01830000
7.75000000 1.02210000
7.85000000 1.02880000
7.95000000 1.05390000
8.05000000 1.06200000
8.15000000 1.05700000
8.25000000 1.06140000
8.35000000 1.06960000
8.45000000 1.06120000
8.55000000 1.03950000
8.65000000 1.04680000
8.75000000 1.06630000
8.85000000 1.08170000
8.95000000 1.09610000
9.05000000 1.07860000
9.15000000 1.08120000
9.25000000 1.09780000
9.35000000 1.11490000
9.45000000 1.09780000
9.55000000 1.09500000
9.65000000 1.10400000
9.75000000 1.09120000
9.85000000 1.09390000
9.95000000 1.07800000
10.05000000 1.05140000
10.15000000 1.02380000
10.25000000 1.01990000
10.35000000 0.99430000
10.45000000 0.95490000
10.55000000 0.95680000
10.65000000 0.93690000
10.75000000 0.90660000
10.85000000 0.90160000
10.95000000 0.89960000
11.05000000 0.89930000
11.15000000 0.88250000
11.25000000 0.87280000
11.35000000 0.87880000
11.45000000 0.87210000
11.55000000 0.85160000
11.65000000 0.84020000
11.75000000 0.84830000
11.85000000 0.82800000
11.95000000 0.84080000
12.05000000 0.83110000
12.15000000 0.84870000
12.25000000 0.84630000
12.35000000 0.85870000
12.45000000 0.86290000
12.55000000 0.86380000
12.65000000 0.88990000
12.75000000 0.89910000
12.85000000 0.90830000
12.95000000 0.91990000
13.05000000 0.93890000
13.15000000 0.93990000
13.25000000 0.94930000
13.35000000 0.96060000
13.45000000 0.97000000
13.55000000 0.98160000
13.65000000 0.99880000
13.75000000 1.02290000
13.85000000 1.01960000
13.95000000 1.01980000
14.05000000 1.02680000
14.15000000 1.04080000
14.25000000 1.05810000
14.35000000 1.05200000
14.45000000 1.05810000
14.55000000 1.05700000
14.65000000 1.06870000
14.75000000 1.07910000
14.85000000 1.08010000
14.95000000 1.08110000
110
4.05000000 0.00220000
4.15000000 0.01760000
4.25000000 0.04960000
4.35000000 0.12550000
4.45000000 0.27150000
4.55000000 0.47910000
4.65000000 0.77420000
4.75000000 1.14840000
4.85000000 1.53400000
4.95000000 1.79940000
5.05000000 2.02470000
5.15000000 2.14590000
5.25000000 2.21080000
5.35000000 2.11150000
5.45000000 1.97140000
5.55000000 1.80580000
5.65000000 1.65360000
5.75000000 1.49930000
5.85000000 1.36870000
5.95000000 1.22730000
6.05000000 1.14970000
6.15000000 1.04590000
6.25000000 0.96120000
6.35000000 0.91640000
6.45000000 0.86420000
6.55000000 0.82870000
6.65000000 0.81910000
6.75000000 0.82320000
6.85000000 0.82170000
6.95000000 0.81760000
7.05000000 0.85220000
7.15000000 0.88190000
7.25000000 0.88260000
7.35000000 0.89800000
7.45000000 0.91270000
7.55000000 0.94400000
7.65000000 0.99470000
7.75000000 0.98980000
7.85000000 1.00700000
7.95000000 1.03030000
8.05000000 1.02810000
8.15000000 1.04580000
8.25000000 1.05060000
8.35000000 1.05620000
8.45000000 1.06590000
8.55000000 1.05270000
8.65000000 1.06190000
8.75000000 1.06640000
8.85000000 1.08750000
8.95000000 1.08200000
9.05000000 1.08190000
9.15000000 1.07380000
9.25000000 1.08550000
9.35000000 1.08320000
9.45000000 1.07880000
9.55000000 1.07540000
9.65000000 1.05730000
9.75000000 1.06150000
9.85000000 1.06220000
9.95000000 1.04350000
10.05000000 1.02760000
10.15000000 1.00850000
10.25000000 1.01290000
10.35000000 1.00730000
10.45000000 0.96860000
10.55000000 0.97300000
10.65000000 0.94710000
10.75000000 0.92810000
10.85000000 0.91500000
10.95000000 0.90790000
11.05000000 0.89050000
11.15000000 0.88190000
11.25000000 0.87280000
11.35000000 0.86920000
11.45000000 0.86390000
11.55000000 0.85180000
11.65000000 0.84380000
11.75000000 0.84030000
11.85000000 0.82370000
11.95000000 0.82510000
12.05000000 0.83140000
12.15000000 0.85020000
12.25000000 0.85980000
12.35000000 0.86120000
12.45000000 0.85750000
12.55000000 0.85660000
12.65000000 0.88300000
12.75000000 0.88980000
12.85000000 0.89720000
12.95000000 0.90530000
13.05000000 0.91990000
13.15000000 0.92880000
13.25000000 0.94080000
13.35000000 0.95400000
13.45000000 0.95840000
13.55000000 0.96510000
13.65000000 0.97680000
13.75000000 0.99430000
13.85000000 0.99510000
13.95000000 0.99880000
14.05000000 1.01370000
14.15000000 1.02210000
14.25000000 1.03150000
14.35000000 1.03340000
14.45000000 1.04480000
14.55000000 1.04660000
14.65000000 1.05160000
14.75000000 1.05180000
14.85000000 1.05570000
14.95000000 1.06270000
110
4.05000000 0.00040000
4.15000000 0.01290000
4.25000000 0.04180000
4.35000000 0.11470000
4.45000000 0.23880000
4.55000000 0.43920000
4.65000000 0.78020000
4.75000000 1.09550000
4.85000000 1.39510000
4.95000000 1.67740000
5.05000000 1.95100000
5.15000000 2.13020000
5.25000000 2.25780000
5.35000000 2.11540000
5.45000000 1.89320000
5.55000000 1.74700000
5.65000000 1.66440000
5.75000000 1.51660000
5.85000000 1.39680000
5.95000000 1.20910000
6.05000000 1.07630000
6.15000000 1.04450000
6.25000000 1.00870000
6.35000000 0.91060000
6.45000000 0.87470000
6.55000000 0.90870000
6.65000000 0.95060000
6.75000000 0.92820000
6.85000000 0.87080000
6.95000000 0.83270000
7.05000000 0.89630000
7.15000000 0.98000000
7.25000000 0.96520000
7.35000000 0.95470000
7.45000000 1.01420000
7.55000000 1.01600000
7.65000000 1.05000000
7.75000000 1.10100000
7.85000000 1.11380000
7.95000000 1.11690000
8.05000000 1.02230000
8.15000000 1.09270000
8.25000000 1.05720000
8.35000000 1.10600000
8.45000000 1.05600000
8.55000000 1.00180000
8.65000000 1.00610000
8.75000000 1.03740000
8.85000000 1.06180000
8.95000000 1.09930000
9.05000000 1.04430000
9.15000000 1.07160000
9.25000000 1.09130000
9.35000000 1.08700000
9.45000000 1.03910000
9.55000000 0.98510000
9.65000000 1.04060000
9.75000000 1.05140000
9.85000000 1.03220000
9.95000000 1.00890000
10.05000000 0.98060000
10.15000000 0.97150000
10.25000000 0.93720000
10.35000000 0.97310000
10.45000000 0.94440000
10.55000000 0.95710000
10.65000000 0.91010000
10.75000000 0.90980000
10.85000000 0.92720000
10.95000000 0.92510000
11.05000000 0.91120000
11.15000000 0.86120000
11.25000000 0.87290000
11.35000000 0.86770000
11.45000000 0.83430000
11.55000000 0.87330000
11.65000000 0.81270000
11.75000000 0.77500000
11.85000000 0.81840000
11.95000000 0.85370000
12.05000000 0.85440000
12.15000000 0.86020000
12.25000000 0.88650000
12.35000000 0.83670000
12.45000000 0.87120000
12.55000000 0.80410000
12.65000000 0.80420000
12.75000000 0.84630000
12.85000000 0.85620000
12.95000000 0.88280000
13.05000000 0.86390000
13.15000000 0.85020000
13.25000000 0.85220000
13.35000000 0.85450000
13.45000000 0.87100000
13.55000000 0.90700000
13.65000000 0.91060000
13.75000000 0.88020000
13.85000000 0.88320000
13.95000000 0.94050000
14.05000000 0.91180000
14.15000000 0.93720000
14.25000000 0.98180000
14.35000000 0.92660000
14.45000000 0.99460000
14.55000000 1.01820000
14.65000000 1.00060000
14.75000000 0.99100000
14.85000000 0.97310000
14.95000000 1.07340000
110
4.05000000 0.00140000
4.15000000 0.02230000
4.25000000 0.06900000
4.35000000 0.17390000
4.45000000 0.38270000
4.55000000 0.68710000
4.65000000 0.95370000
4.75000000 1.44170000
4.85000000 1.80600000
4.95000000 2.24930000
5.05000000 2.57980000
5.15000000 2.59640000
5.25000000 2.63420000
5.35000000 2.54390000
5.45000000 2.35030000
5.55000000 2.17120000
5.65000000 1.99050000
5.75000000 1.75160000
5.85000000 1.66610000
5.95000000 1.45330000
6.05000000 1.26240000
6.15000000 1.21820000
6.25000000 1.14890000
6.35000000 1.03720000
6.45000000 0.99700000
6.55000000 1.00780000
6.65000000 1.03260000
6.75000000 0.99000000
6.85000000 1.01580000
6.95000000 0.98160000
7.05000000 0.98190000
7.15000000 0.98790000
7.25000000 0.99830000
7.35000000 1.04390000
7.45000000 1.08610000
7.55000000 1.12060000
7.65000000 1.16350000
7.75000000 1.17660000
7.85000000 1.17040000
7.95000000 1.16760000
8.05000000 1.13250000
8.15000000 1.16250000
8.25000000 1.12260000
8.35000000 1.18230000
8.45000000 1.16030000
8.55000000 1.12710000
8.65000000 1.10960000
8.75000000 1.10850000
8.85000000 1.10310000
8.95000000 1.07660000
9.05000000 1.10220000
9.15000000 1.12430000
9.25000000 1.10050000
9.35000000 1.07590000
9.45000000 1.10710000
9.55000000 1.07520000
9.65000000 1.10330000
9.75000000 1.07610000
9.85000000 1.06250000
9.95000000 1.05150000
10.05000000 1.07090000
10.15000000 1.05380000
10.25000000 1.03790000
10.35000000 1.05420000
10.45000000 0.98490000
10.55000000 0.96880000
10.65000000 0.94190000
10.75000000 0.93690000
10.85000000 0.94190000
10.95000000 0.89520000
11.05000000 0.88110000
11.15000000 0.85160000
11.25000000 0.86520000
11.35000000 0.87600000
11.45000000 0.86570000
11.55000000 0.89270000
11.65000000 0.87840000
11.75000000 0.83940000
11.85000000 0.85220000
11.95000000 0.84350000
12.05000000 0.84620000
12.15000000 0.84440000
12.25000000 0.87940000
12.35000000 0.86490000
12.45000000 0.88310000
12.55000000 0.81010000
12.65000000 0.80870000
12.75000000 0.84220000
12.85000000 0.86040000
12.95000000 0.85730000
13.05000000 0.87070000
13.15000000 0.86570000
13.25000000 0.84000000
13.35000000 0.86980000
13.45000000 0.87820000
13.55000000 0.89700000
13.65000000 0.91030000
13.75000000 0.90380000
13.85000000 0.88770000
13.95000000 0.92460000
14.05000000 0.90540000
14.15000000 0.93320000
14.25000000 0.95750000
14.35000000 0.93760000
14.45000000 0.97490000
14.55000000 0.98190000
14.65000000 0.99940000
14.75000000 0.99840000
14.85000000 0.99950000
14.95000000 1.01950000
110
4.05000000 0.00130000
4.15000000 0.01640000
4.25000000 0.06990000
4.35000000 0.13940000
4.45000000 0.29150000
4.55000000 0.53480000
4.65000000 0.79480000
4.75000000 1.21600000
4.85000000 1.54120000
4.95000000 1.94130000
5.05000000 2.13050000
5.15000000 2.14610000
5.25000000 2.23830000
5.35000000 2.14800000
5.45000000 1.99030000
5.55000000 1.90020000
5.65000000 1.74830000
5.75000000 1.54290000
5.85000000 1.44080000
5.95000000 1.26440000
6.05000000 1.13310000
6.15000000 1.09520000
6.25000000 1.01270000
6.35000000 0.95780000
6.45000000 0.88090000
6.55000000 0.89070000
6.65000000 0.89470000
6.75000000 0.88230000
6.85000000 0.87150000
6.95000000 0.85790000
7.05000000 0.91220000
7.15000000 0.92610000
7.25000000 0.90750000
7.35000000 0.93290000
7.45000000 0.98130000
7.55000000 1.02170000
7.65000000 1.03280000
7.75000000 1.03740000
7.85000000 1.05220000
7.95000000 1.06170000
8.05000000 1.05730000
8.15000000 1.09840000
8.25000000 1.03770000
8.35000000 1.06540000
8.45000000 1.06620000
8.55000000 1.07000000
8.65000000 1.11040000
8.75000000 1.04910000
8.85000000 1.06150000
8.95000000 1.04870000
9.05000000 1.07980000
9.15000000 1.08850000
9.25000000 1.09830000
9.35000000 1.10260000
9.45000000 1.12160000
9.55000000 1.06540000
9.65000000 1.09770000
9.75000000 1.08670000
9.85000000 1.07890000
9.95000000 1.10670000
10.05000000 1.09110000
10.15000000 1.08520000
10.25000000 1.05040000
10.35000000 1.03760000
10.45000000 0.98940000
10.55000000 0.98240000
10.65000000 0.96770000
10.75000000 0.96570000
10.85000000 0.95390000
10.95000000 0.94100000
11.05000000 0.91510000
11.15000000 0.90460000
11.25000000 0.89240000
11.35000000 0.89370000
11.45000000 0.88210000
11.55000000 0.90960000
11.65000000 0.89730000
11.75000000 0.88650000
11.85000000 0.88310000
11.95000000 0.86780000
12.05000000 0.88120000
12.15000000 0.88330000
12.25000000 0.87890000
12.35000000 0.88680000
12.45000000 0.89050000
12.55000000 0.87250000
12.65000000 0.90240000
12.75000000 0.90410000
12.85000000 0.90150000
12.95000000 0.91180000
13.05000000 0.92470000
13.15000000 0.94010000
13.25000000 0.94590000
13.35000000 0.96930000
13.45000000 0.95410000
13.55000000 0.99810000
13.65000000 1.00290000
13.75000000 1.00480000
13.85000000 0.99370000
13.95000000 1.02370000
14.05000000 1.00920000
14.15000000 1.01490000
14.25000000 1.01120000
14.35000000 0.99800000
14.45000000 1.01150000
14.55000000 1.00610000
14.65000000 1.01190000
14.75000000 1.01920000
14.85000000 1.01020000
14.95000000 1.04400000
110
4.05000000 0.00090000
4.15000000 0.02100000
4.25000000 0.06460000
4.35000000 0.13880000
4.45000000 0.27970000
4.55000000 0.49440000
4.65000000 0.82210000
4.75000000 1.19500000
4.85000000 1.57940000
4.95000000 1.96610000
5.05000000 2.13570000
5.15000000 2.21190000
5.25000000 2.25710000
5.35000000 2.14790000
5.45000000 1.99240000
5.55000000 1.83070000
5.65000000 1.68430000
5.75000000 1.49300000
5.85000000 1.38380000
5.95000000 1.24420000
6.05000000 1.12710000
6.15000000 1.06790000
6.25000000 0.99080000
6.35000000 0.92200000
6.45000000 0.85800000
6.55000000 0.83400000
6.65000000 0.80630000
6.75000000 0.82820000
6.85000000 0.83070000
6.95000000 0.82890000
7.05000000 0.86070000
7.15000000 0.87680000
7.25000000 0.88140000
7.35000000 0.89920000
7.45000000 0.92620000
7.55000000 0.94200000
7.65000000 0.96830000
7.75000000 0.97840000
7.85000000 0.99920000
7.95000000 1.01090000
8.05000000 0.99200000
8.15000000 1.02990000
8.25000000 1.01460000
8.35000000 1.03980000
8.45000000 1.04880000
8.55000000 1.03130000
8.65000000 1.05940000
8.75000000 1.05450000
8.85000000 1.07100000
8.95000000 1.07110000
9.05000000 1.09480000
9.15000000 1.08550000
9.25000000 1.08280000
9.35000000 1.09900000
9.45000000 1.10180000
9.55000000 1.08050000
9.65000000 1.10000000
9.75000000 1.08700000
9.85000000 1.07660000
9.95000000 1.09350000
10.05000000 1.08720000
10.15000000 1.06960000
10.25000000 1.04910000
10.35000000 1.03080000
10.45000000 0.99370000
10.55000000 0.97850000
10.65000000 0.96070000
10.75000000 0.94990000
10.85000000 0.94560000
10.95000000 0.93480000
11.05000000 0.90610000
11.15000000 0.89480000
11.25000000 0.89590000
11.35000000 0.89720000
11.45000000 0.87140000
11.55000000 0.88330000
11.65000000 0.86350000
11.75000000 0.85350000
11.85000000 0.86430000
11.95000000 0.85390000
12.05000000 0.86430000
12.15000000 0.86480000
12.25000000 0.85960000
12.35000000 0.85580000
12.45000000 0.87740000
12.55000000 0.87300000
12.65000000 0.88790000
12.75000000 0.88790000
12.85000000 0.89330000
12.95000000 0.89490000
13.05000000 0.90560000
13.15000000 0.91020000
13.25000000 0.92380000
13.35000000 0.94570000
13.45000000 0.94440000
13.55000000 0.97720000
13.65000000 0.97470000
13.75000000 0.99450000
13.85000000 1.00010000
13.95000000 1.00380000
14.05000000 1.00890000
14.15000000 1.01950000
14.25000000 1.02340000
14.35000000 1.02130000
14.45000000 1.02930000
14.55000000 1.02820000
14.65000000 1.02390000
14.75000000 1.04320000
14.85000000 1.04310000
14.95000000 1.05190000
110
4.05000000 0.00280000
4.15000000 0.01610000
4.25000000 0.05100000
4.35000000 0.11910000
4.45000000 0.25240000
4.55000000 0.45110000
4.65000000 0.71040000
4.75000000 1.07210000
4.85000000 1.41510000
4.95000000 1.76240000
5.05000000 1.95570000
5.15000000 2.09930000
5.25000000 2.16290000
5.35000000 2.05620000
5.45000000 1.91620000
5.55000000 1.77930000
5.65000000 1.64830000
5.75000000 1.46810000
5.85000000 1.35520000
5.95000000 1.22500000
6.05000000 1.11340000
6.15000000 1.04240000
6.25000000 0.98860000
6.35000000 0.92450000
6.45000000 0.86010000
6.55000000 0.81810000
6.65000000 0.79310000
6.75000000 0.80430000
6.85000000 0.79000000
6.95000000 0.79740000
7.05000000 0.82160000
7.15000000 0.84410000
7.25000000 0.86420000
7.35000000 0.89170000
7.45000000 0.92410000
7.55000000 0.93180000
7.65000000 0.95700000
7.75000000 0.97120000
7.85000000 1.01100000
7.95000000 1.01950000
8.05000000 1.00780000
8.15000000 1.03820000
8.25000000 1.02660000
8.35000000 1.03510000
8.45000000 1.02850000
8.55000000 1.02870000
8.65000000 1.05020000
8.75000000 1.04710000
8.85000000 1.06110000
8.95000000 1.05170000
9.05000000 1.07320000
9.15000000 1.06530000
9.25000000 1.05800000
9.35000000 1.07410000
9.45000000 1.06350000
9.55000000 1.04940000
9.65000000 1.06020000
9.75000000 1.05310000
9.85000000 1.05150000
9.95000000 1.05370000
10.05000000 1.03690000
10.15000000 1.03430000
10.25000000 1.02230000
10.35000000 1.01030000
10.45000000 0.98450000
10.55000000 0.96650000
10.65000000 0.94720000
10.75000000 0.94240000
10.85000000 0.94090000
10.95000000 0.92920000
11.05000000 0.92080000
11.15000000 0.90640000
11.25000000 0.90360000
11.35000000 0.89250000
11.45000000 0.87870000
11.55000000 0.88640000
11.65000000 0.87930000
11.75000000 0.86410000
11.85000000 0.87260000
11.95000000 0.87120000
12.05000000 0.88140000
12.15000000 0.88490000
12.25000000 0.88130000
12.35000000 0.88780000
12.45000000 0.89000000
12.55000000 0.88960000
12.65000000 0.89530000
12.75000000 0.90220000
12.85000000 0.90240000
12.95000000 0.91340000
13.05000000 0.92060000
13.15000000 0.91840000
13.25000000 0.93100000
13.35000000 0.94990000
13.45000000 0.95300000
13.55000000 0.97240000
13.65000000 0.98570000
13.75000000 0.98990000
13.85000000 0.99690000
13.95000000 1.01030000
14.05000000 1.01380000
14.15000000 1.01530000
14.25000000 1.02060000
14.35000000 1.03210000
14.45000000 1.03670000
14.55000000 1.04270000
14.65000000 1.04250000
14.75000000 1.05220000
14.85000000 1.05860000
14.95000000 1.05850000
110
4.05000000 0.00210000
4.15000000 0.01470000
4.25000000 0.04890000
4.35000000 0.10890000
4.45000000 0.24210000
4.55000000 0.43180000
4.65000000 0.69830000
4.75000000 1.02630000
4.85000000 1.37350000
4.95000000 1.70130000
5.05000000 1.92390000
5.15000000 2.02110000
5.25000000 2.09640000
5.35000000 2.03240000
5.45000000 1.89640000
5.55000000 1.76490000
5.65000000 1.61250000
5.75000000 1.47000000
5.85000000 1.34130000
5.95000000 1.23230000
6.05000000 1.11930000
6.15000000 1.04050000
6.25000000 0.97230000
6.35000000 0.92400000
6.45000000 0.85250000
6.55000000 0.82320000
6.65000000 0.79590000
6.75000000 0.79760000
6.85000000 0.80840000
6.95000000 0.82070000
7.05000000 0.83710000
7.15000000 0.86660000
7.25000000 0.88760000
7.35000000 0.90630000
7.45000000 0.93110000
7.55000000 0.95570000
7.65000000 0.97340000
7.75000000 0.99110000
7.85000000 1.01620000
7.95000000 1.01480000
8.05000000 1.02330000
8.15000000 1.04680000
8.25000000 1.04880000
8.35000000 1.05900000
8.45000000 1.05180000
8.55000000 1.05260000
8.65000000 1.06430000
8.75000000 1.06220000
8.85000000 1.08130000
8.95000000 1.08650000
9.05000000 1.08930000
9.15000000 1.07360000
9.25000000 1.08140000
9.35000000 1.07840000
9.45000000 1.08010000
9.55000000 1.07720000
9.65000000 1.07040000
9.75000000 1.05290000
9.85000000 1.05420000
9.95000000 1.05380000
10.05000000 1.03510000
10.15000000 1.02780000
10.25000000 1.01950000
10.35000000 1.00960000
10.45000000 0.98480000
10.55000000 0.97130000
10.65000000 0.95100000
10.75000000 0.95090000
10.85000000 0.92580000
10.95000000 0.92150000
11.05000000 0.91190000
11.15000000 0.89760000
11.25000000 0.89050000
11.35000000 0.88310000
11.45000000 0.87460000
11.55000000 0.87790000
11.65000000 0.86540000
11.75000000 0.86730000
11.85000000 0.87050000
11.95000000 0.86950000
12.05000000 0.87150000
12.15000000 0.86520000
12.25000000 0.87330000
12.35000000 0.86920000
12.45000000 0.87880000
12.55000000 0.88350000
12.65000000 0.89310000
12.75000000 0.89630000
12.85000000 0.90530000
12.95000000 0.91530000
13.05000000 0.93050000
13.15000000 0.94090000
13.25000000 0.94580000
13.35000000 0.95850000
13.45000000 0.97190000
13.55000000 0.98400000
13.65000000 0.99500000
13.75000000 1.00510000
13.85000000 1.01400000
13.95000000 1.02010000
14.05000000 1.03160000
14.15000000 1.02880000
14.25000000 1.03850000
14.35000000 1.04330000
14.45000000 1.05250000
14.55000000 1.05460000
14.65000000 1.06220000
14.75000000 1.06910000
14.85000000 1.06600000
14.95000000 1.07290000
110
4.05000000 0.00420000
4.15000000 0.01890000
4.25000000 0.05210000
4.35000000 0.12900000
4.45000000 0.26990000
4.55000000 0.46960000
4.65000000 0.75870000
4.75000000 1.13040000
4.85000000 1.49880000
4.95000000 1.84100000
5.05000000 2.05130000
5.15000000 2.19120000
5.25000000 2.24620000
5.35000000 2.13540000
5.45000000 1.99910000
5.55000000 1.82910000
5.65000000 1.67820000
5.75000000 1.48650000
5.85000000 1.34860000
5.95000000 1.23140000
6.05000000 1.12280000
6.15000000 1.02780000
6.25000000 0.96310000
6.35000000 0.89970000
6.45000000 0.84420000
6.55000000 0.80450000
6.65000000 0.78050000
6.75000000 0.78480000
6.85000000 0.77320000
6.95000000 0.78880000
7.05000000 0.81040000
7.15000000 0.82770000
7.25000000 0.84540000
7.35000000 0.85690000
7.45000000 0.88530000
7.55000000 0.90030000
7.65000000 0.93150000
7.75000000 0.95230000
7.85000000 0.97050000
7.95000000 0.98100000
8.05000000 0.99040000
8.15000000 1.00660000
8.25000000 1.02020000
8.35000000 1.02340000
8.45000000 1.03090000
8.55000000 1.02850000
8.65000000 1.03510000
8.75000000 1.03910000
8.85000000 1.05260000
8.95000000 1.05830000
9.05000000 1.06770000
9.15000000 1.06380000
9.25000000 1.06850000
9.35000000 1.07730000
9.45000000 1.07420000
9.55000000 1.08120000
9.65000000 1.07490000
9.75000000 1.07340000
9.85000000 1.06690000
9.95000000 1.06030000
10.05000000 1.03520000
10.15000000 1.04050000
10.25000000 1.02500000
10.35000000 1.01950000
10.45000000 0.98960000
10.55000000 0.97160000
10.65000000 0.95890000
10.75000000 0.94890000
10.85000000 0.93620000
10.95000000 0.92800000
11.05000000 0.91370000
11.15000000 0.90910000
11.25000000 0.89630000
11.35000000 0.88990000
11.45000000 0.88340000
11.55000000 0.87730000
11.65000000 0.87590000
11.75000000 0.86920000
11.85000000 0.86040000
11.95000000 0.86610000
12.05000000 0.87520000
12.15000000 0.86630000
12.25000000 0.87190000
12.35000000 0.88070000
12.45000000 0.89080000
12.55000000 0.88510000
12.65000000 0.89570000
12.75000000 0.90380000
12.85000000 0.91120000
12.95000000 0.92060000
13.05000000 0.92530000
13.15000000 0.93750000
13.25000000 0.94640000
13.35000000 0.96650000
13.45000000 0.96950000
13.55000000 0.98490000
13.65000000 0.99250000
13.75000000 1.00990000
13.85000000 1.01500000
13.95000000 1.01810000
14.05000000 1.02480000
14.15000000 1.02390000
14.25000000 1.03490000
14.35000000 1.04560000
14.45000000 1.04680000
14.55000000 1.05430000
14.65000000 1.05510000
14.75000000 1.05850000
14.85000000 1.05910000
14.95000000 1.06940000
110
4.05000000 0.00220000
4.15000000 0.01640000
4.25000000 0.04850000
4.35000000 0.12190000
4.45000000 0.25810000
4.55000000 0.45420000
4.65000000 0.72070000
4.75000000 1.07610000
4.85000000 1.42890000
4.95000000 1.75810000
5.05000000 1.98000000
5.15000000 2.10970000
5.25000000 2.13480000
5.35000000 2.06490000
5.45000000 1.91540000
5.55000000 1.76110000
5.65000000 1.62890000
5.75000000 1.46150000
5.85000000 1.33560000
5.95000000 1.20340000
6.05000000 1.10110000
6.15000000 1.00560000
6.25000000 0.93790000
6.35000000 0.87430000
6.45000000 0.82230000
6.55000000 0.78550000
6.65000000 0.76600000
6.75000000 0.76430000
6.85000000 0.76250000
6.95000000 0.77780000
7.05000000 0.80130000
7.15000000 0.82040000
7.25000000 0.84260000
7.35000000 0.85660000
7.45000000 0.89180000
7.55000000 0.89790000
7.65000000 0.92100000
7.75000000 0.94170000
7.85000000 0.96220000
7.95000000 0.97380000
8.05000000 0.99850000
8.15000000 1.01450000
8.25000000 1.02260000
8.35000000 1.02810000
8.45000000 1.03410000
8.55000000 1.03690000
8.65000000 1.05090000
8.75000000 1.05170000
8.85000000 1.06690000
8.95000000 1.06520000
9.05000000 1.07250000
9.15000000 1.07510000
9.25000000 1.07900000
9.35000000 1.07330000
9.45000000 1.08030000
9.55000000 1.07700000
9.65000000 1.06050000
9.75000000 1.05740000
9.85000000 1.05840000
9.95000000 1.04690000
10.05000000 1.03250000
10.15000000 1.02360000
10.25000000 1.01830000
10.35000000 1.00300000
10.45000000 0.98180000
10.55000000 0.96540000
10.65000000 0.95120000
10.75000000 0.93260000
10.85000000 0.91530000
10.95000000 0.90480000
11.05000000 0.90440000
11.15000000 0.89500000
11.25000000 0.88250000
11.35000000 0.87620000
11.45000000 0.86970000
11.55000000 0.86640000
11.65000000 0.85850000
11.75000000 0.85720000
11.85000000 0.85570000
11.95000000 0.85930000
12.05000000 0.86660000
12.15000000 0.86370000
12.25000000 0.87070000
12.35000000 0.87490000
12.45000000 0.87850000
12.55000000 0.88760000
12.65000000 0.90140000
12.75000000 0.90260000
12.85000000 0.91700000
12.95000000 0.92240000
13.05000000 0.93390000
13.15000000 0.93900000
13.25000000 0.94790000
13.35000000 0.96430000
13.45000000 0.97300000
13.55000000 0.98790000
13.65000000 0.99640000
13.75000000 1.01020000
13.85000000 1.01380000
13.95000000 1.02500000
14.05000000 1.02520000
14.15000000 1.02690000
14.25000000 1.03620000
14.35000000 1.03880000
14.45000000 1.04370000
14.55000000 1.04980000
14.65000000 1.05830000
14.75000000 1.05880000
14.85000000 1.05980000
14.95000000 1.06460000
110
4.05000000 0.00190000
4.15000000 0.01690000
4.25000000 0.04460000
4.35000000 0.11920000
4.45000000 0.24670000
4.55000000 0.43910000
4.65000000 0.69410000
4.75000000 1.03640000
4.85000000 1.39120000
4.95000000 1.71440000
5.05000000 1.93580000
5.15000000 2.06360000
5.25000000 2.08520000
5.35000000 2.01890000
5.45000000 1.88400000
5.55000000 1.74100000
5.65000000 1.60520000
5.75000000 1.44090000
5.85000000 1.31900000
5.95000000 1.18770000
6.05000000 1.09100000
6.15000000 1.00120000
6.25000000 0.93650000
6.35000000 0.86800000
6.45000000 0.81740000
6.55000000 0.78300000
6.65000000 0.76780000
6.75000000 0.76230000
6.85000000 0.76290000
6.95000000 0.77830000
7.05000000 0.80190000
7.15000000 0.82490000
7.25000000 0.84490000
7.35000000 0.86390000
7.45000000 0.89480000
7.55000000 0.89820000
7.65000000 0.92220000
7.75000000 0.94200000
7.85000000 0.96000000
7.95000000 0.97100000
8.05000000 0.98940000
8.15000000 1.00610000
8.25000000 1.01400000
8.35000000 1.01820000
8.45000000 1.02110000
8.55000000 1.02230000
8.65000000 1.02960000
8.75000000 1.02850000
8.85000000 1.04830000
8.95000000 1.04580000
9.05000000 1.04940000
9.15000000 1.05250000
9.25000000 1.05510000
9.35000000 1.05120000
9.45000000 1.05760000
9.55000000 1.05610000
9.65000000 1.04040000
9.75000000 1.04070000
9.85000000 1.04130000
9.95000000 1.03290000
10.05000000 1.02060000
10.15000000 1.01270000
10.25000000 1.00730000
10.35000000 0.99310000
10.45000000 0.97170000
10.55000000 0.95990000
10.65000000 0.94980000
10.75000000 0.93370000
10.85000000 0.91810000
10.95000000 0.90860000
11.05000000 0.90730000
11.15000000 0.89950000
11.25000000 0.88660000
11.35000000 0.88190000
11.45000000 0.87630000
11.55000000 0.87390000
11.65000000 0.86720000
11.75000000 0.86710000
11.85000000 0.86540000
11.95000000 0.86760000
12.05000000 0.87240000
12.15000000 0.87300000
12.25000000 0.87890000
12.35000000 0.88200000
12.45000000 0.88320000
12.55000000 0.89110000
12.65000000 0.90030000
12.75000000 0.90340000
12.85000000 0.91490000
12.95000000 0.92200000
13.05000000 0.93300000
13.15000000 0.94010000
13.25000000 0.94980000
13.35000000 0.96380000
13.45000000 0.97410000
13.55000000 0.98670000
13.65000000 0.99610000
13.75000000 1.00760000
13.85000000 1.01230000
13.95000000 1.02000000
14.05000000 1.02030000
14.15000000 1.02300000
14.25000000 1.03260000
14.35000000 1.03940000
14.45000000 1.04490000
14.55000000 1.04990000
14.65000000 1.05720000
14.75000000 1.06200000
14.85000000 1.06440000
14.95000000 1.06730000
110
4.05000000 0.00240000
4.15000000 0.01690000
4.25000000 0.04800000
4.35000000 0.12510000
4.45000000 0.25790000
4.55000000 0.45790000
4.65000000 0.72630000
4.75000000 1.07540000
4.85000000 1.43760000
4.95000000 1.75820000
5.05000000 1.98720000
5.15000000 2.10080000
5.25000000 2.12810000
5.35000000 2.05710000
5.45000000 1.92300000
5.55000000 1.76330000
5.65000000 1.62750000
5.75000000 1.45880000
5.85000000 1.33170000
5.95000000 1.20920000
6.05000000 1.10690000
6.15000000 1.01010000
6.25000000 0.94690000
6.35000000 0.87940000
6.45000000 0.83170000
6.55000000 0.79390000
6.65000000 0.77130000
6.75000000 0.76630000
6.85000000 0.76700000
6.95000000 0.78330000
7.05000000 0.80380000
7.15000000 0.82650000
7.25000000 0.84130000
7.35000000 0.86170000
7.45000000 0.89300000
7.55000000 0.90310000
7.65000000 0.92410000
7.75000000 0.94530000
7.85000000 0.96180000
7.95000000 0.97100000
8.05000000 0.99680000
8.15000000 1.00560000
8.25000000 1.01480000
8.35000000 1.01990000
8.45000000 1.02980000
8.55000000 1.03330000
8.65000000 1.04200000
8.75000000 1.04100000
8.85000000 1.05940000
8.95000000 1.05720000
9.05000000 1.05820000
9.15000000 1.06150000
9.25000000 1.06340000
9.35000000 1.06250000
9.45000000 1.06830000
9.55000000 1.06560000
9.65000000 1.05360000
9.75000000 1.05040000
9.85000000 1.04980000
9.95000000 1.04300000
10.05000000 1.03140000
10.15000000 1.01620000
10.25000000 1.01180000
10.35000000 0.99500000
10.45000000 0.97660000
10.55000000 0.96150000
10.65000000 0.94650000
10.75000000 0.93050000
10.85000000 0.91730000
10.95000000 0.90920000
11.05000000 0.90360000
11.15000000 0.89530000
11.25000000 0.88580000
11.35000000 0.87880000
11.45000000 0.87360000
11.55000000 0.86880000
11.65000000 0.86260000
11.75000000 0.86130000
11.85000000 0.86320000
11.95000000 0.86290000
12.05000000 0.86540000
12.15000000 0.86360000
12.25000000 0.87060000
12.35000000 0.87360000
12.45000000 0.87840000
12.55000000 0.88260000
12.65000000 0.89480000
12.75000000 0.89560000
12.85000000 0.90870000
12.95000000 0.91560000
13.05000000 0.92840000
13.15000000 0.93620000
13.25000000 0.94680000
13.35000000 0.96040000
13.45000000 0.97180000
13.55000000 0.98420000
13.65000000 0.99240000
13.75000000 1.00830000
13.85000000 1.01190000
13.95000000 1.02350000
14.05000000 1.02410000
14.15000000 1.02950000
14.25000000 1.04030000
14.35000000 1.04530000
14.45000000 1.05340000
14.55000000 1.05820000
14.65000000 1.06470000
14.75000000 1.07130000
14.85000000 1.07000000
14.95000000 1.07480000
110
4.05000000 0.00230000
4.15000000 0.01680000
4.25000000 0.04900000
4.35000000 0.12180000
4.45000000 0.25390000
4.55000000 0.45730000
4.65000000 0.72310000
4.75000000 1.07920000
4.85000000 1.44100000
4.95000000 1.75250000
5.05000000 1.97790000
5.15000000 2.10210000
5.25000000 2.12550000
5.35000000 2.05050000
5.45000000 1.92000000
5.55000000 1.77010000
5.65000000 1.62880000
5.75000000 1.45950000
5.85000000 1.33730000
5.95000000 1.20440000
6.05000000 1.11220000
6.15000000 1.01910000
6.25000000 0.95120000
6.35000000 0.88840000
6.45000000 0.83990000
6.55000000 0.79490000
6.65000000 0.77940000
6.75000000 0.77730000
6.85000000 0.78110000
6.95000000 0.79280000
7.05000000 0.81730000
7.15000000 0.83940000
7.25000000 0.85980000
7.35000000 0.88040000
7.45000000 0.90840000
7.55000000 0.92240000
7.65000000 0.94690000
7.75000000 0.96700000
7.85000000 0.98020000
7.95000000 0.99010000
8.05000000 1.01010000
8.15000000 1.02630000
8.25000000 1.03000000
8.35000000 1.03180000
8.45000000 1.03560000
8.55000000 1.03850000
8.65000000 1.04210000
8.75000000 1.04230000
8.85000000 1.05510000
8.95000000 1.05760000
9.05000000 1.05710000
9.15000000 1.06270000
9.25000000 1.05930000
9.35000000 1.05840000
9.45000000 1.06530000
9.55000000 1.06010000
9.65000000 1.05190000
9.75000000 1.04770000
9.85000000 1.04510000
9.95000000 1.04000000
10.05000000 1.02460000
10.15000000 1.01310000
10.25000000 1.00950000
10.35000000 0.99310000
10.45000000 0.97480000
10.55000000 0.95810000
10.65000000 0.94690000
10.75000000 0.93460000
10.85000000 0.91830000
10.95000000 0.90840000
11.05000000 0.90290000
11.15000000 0.89190000
11.25000000 0.87970000
11.35000000 0.87450000
11.45000000 0.86780000
11.55000000 0.86570000
11.65000000 0.85950000
11.75000000 0.85810000
11.85000000 0.85620000
11.95000000 0.85760000
12.05000000 0.86090000
12.15000000 0.85680000
12.25000000 0.86340000
12.35000000 0.86730000
12.45000000 0.87160000
12.55000000 0.87720000
12.65000000 0.88790000
12.75000000 0.89140000
12.85000000 0.89970000
12.95000000 0.90750000
13.05000000 0.91920000
13.15000000 0.92800000
13.25000000 0.93670000
13.35000000 0.94940000
13.45000000 0.95840000
13.55000000 0.97290000
13.65000000 0.98460000
13.75000000 0.99710000
13.85000000 1.00550000
13.95000000 1.01150000
14.05000000 1.01640000
14.15000000 1.02230000
14.25000000 1.03140000
14.35000000 1.03820000
14.45000000 1.04750000
14.55000000 1.05320000
14.65000000 1.06310000
14.75000000 1.06800000
14.85000000 1.07180000
14.95000000 1.07700000
110
4.05000000 0.00240000
4.15000000 0.01790000
4.25000000 0.05190000
4.35000000 0.12890000
4.45000000 0.26630000
4.55000000 0.47520000
4.65000000 0.74970000
4.75000000 1.11810000
4.85000000 1.49100000
4.95000000 1.82790000
5.05000000 2.04950000
5.15000000 2.18420000
5.25000000 2.21060000
5.35000000 2.13260000
5.45000000 1.99070000
5.55000000 1.82280000
5.65000000 1.67280000
5.75000000 1.50600000
5.85000000 1.37210000
5.95000000 1.23330000
6.05000000 1.12900000
6.15000000 1.02650000
6.25000000 0.96030000
6.35000000 0.89150000
6.45000000 0.83480000
6.55000000 0.79250000
6.65000000 0.77390000
6.75000000 0.76610000
6.85000000 0.76540000
6.95000000 0.77420000
7.05000000 0.80210000
7.15000000 0.81740000
7.25000000 0.83640000
7.35000000 0.85510000
7.45000000 0.88660000
7.55000000 0.89850000
7.65000000 0.92130000
7.75000000 0.93850000
7.85000000 0.95660000
7.95000000 0.96340000
8.05000000 0.98370000
8.15000000 0.99570000
8.25000000 1.00350000
8.35000000 1.00520000
8.45000000 1.01320000
8.55000000 1.01490000
8.65000000 1.02160000
8.75000000 1.02970000
8.85000000 1.04400000
8.95000000 1.04910000
9.05000000 1.05330000
9.15000000 1.05500000
9.25000000 1.05840000
9.35000000 1.05830000
9.45000000 1.06500000
9.55000000 1.06820000
9.65000000 1.05640000
9.75000000 1.05170000
9.85000000 1.05160000
9.95000000 1.04350000
10.05000000 1.03050000
10.15000000 1.02060000
10.25000000 1.01390000
10.35000000 0.99990000
10.45000000 0.97570000
10.55000000 0.96080000
10.65000000 0.94760000
10.75000000 0.93240000
10.85000000 0.91730000
10.95000000 0.91000000
11.05000000 0.90510000
11.15000000 0.89390000
11.25000000 0.88400000
11.35000000 0.87840000
11.45000000 0.87270000
11.55000000 0.86940000
11.65000000 0.86370000
11.75000000 0.86230000
11.85000000 0.86140000
11.95000000 0.86450000
12.05000000 0.86660000
12.15000000 0.86450000
12.25000000 0.87210000
12.35000000 0.87330000
12.45000000 0.87690000
12.55000000 0.88890000
12.65000000 0.89710000
12.75000000 0.89970000
12.85000000 0.91080000
12.95000000 0.92000000
13.05000000 0.92990000
13.15000000 0.94070000
13.25000000 0.95120000
13.35000000 0.96120000
13.45000000 0.97310000
13.55000000 0.98480000
13.65000000 0.99460000
13.75000000 1.00680000
13.85000000 1.01290000
13.95000000 1.02440000
14.05000000 1.02850000
14.15000000 1.02790000
14.25000000 1.04000000
14.35000000 1.04970000
14.45000000 1.05420000
14.55000000 1.05900000
14.65000000 1.06370000
14.75000000 1.06850000
14.85000000 1.06850000
14.95000000 1.07460000
110
4.05000000 0.00250000
4.15000000 0.01760000
4.25000000 0.05160000
4.35000000 0.12950000
4.45000000 0.26800000
4.55000000 0.47650000
4.65000000 0.75890000
4.75000000 1.11900000
4.85000000 1.49680000
4.95000000 1.83390000
5.05000000 2.06510000
5.15000000 2.18310000
5.25000000 2.20910000
5.35000000 2.14800000
5.45000000 2.00870000
5.55000000 1.84260000
5.65000000 1.69430000
5.75000000 1.51980000
5.85000000 1.38110000
5.95000000 1.25130000
6.05000000 1.15130000
6.15000000 1.04690000
6.25000000 0.97680000
6.35000000 0.90990000
6.45000000 0.85820000
6.55000000 0.81380000
6.65000000 0.79080000
6.75000000 0.78620000
6.85000000 0.78800000
6.95000000 0.79860000
7.05000000 0.82050000
7.15000000 0.83610000
7.25000000 0.85500000
7.35000000 0.87190000
7.45000000 0.89650000
7.55000000 0.91190000
7.65000000 0.93000000
7.75000000 0.95100000
7.85000000 0.96780000
7.95000000 0.97620000
8.05000000 0.99080000
8.15000000 1.00450000
8.25000000 1.01660000
8.35000000 1.02060000
8.45000000 1.02680000
8.55000000 1.02600000
8.65000000 1.03720000
8.75000000 1.04180000
8.85000000 1.05710000
8.95000000 1.05660000
9.05000000 1.06110000
9.15000000 1.06210000
9.25000000 1.06420000
9.35000000 1.06610000
9.45000000 1.07330000
9.55000000 1.07440000
9.65000000 1.06450000
9.75000000 1.05980000
9.85000000 1.05650000
9.95000000 1.05380000
10.05000000 1.04090000
10.15000000 1.03110000
10.25000000 1.02180000
10.35000000 1.01040000
10.45000000 0.98620000
10.55000000 0.96840000
10.65000000 0.96030000
10.75000000 0.94250000
10.85000000 0.92670000
10.95000000 0.91840000
11.05000000 0.91080000
11.15000000 0.90060000
11.25000000 0.89030000
11.35000000 0.88210000
11.45000000 0.87820000
11.55000000 0.87160000
11.65000000 0.86690000
11.75000000 0.86370000
11.85000000 0.86600000
11.95000000 0.86860000
12.05000000 0.87010000
12.15000000 0.86660000
12.25000000 0.87300000
12.35000000 0.87610000
12.45000000 0.88150000
12.55000000 0.88710000
12.65000000 0.89750000
12.75000000 0.89790000
12.85000000 0.90640000
12.95000000 0.91580000
13.05000000 0.92710000
13.15000000 0.93520000
13.25000000 0.94430000
13.35000000 0.95710000
13.45000000 0.96880000
13.55000000 0.98020000
13.65000000 0.99020000
13.75000000 1.00170000
13.85000000 1.00700000
13.95000000 1.01710000
14.05000000 1.02150000
14.15000000 1.02390000
14.25000000 1.03500000
14.35000000 1.04260000
14.45000000 1.04620000
14.55000000 1.05120000
14.65000000 1.05780000
14.75000000 1.06080000
14.85000000 1.06520000
14.95000000 1.07150000
110
4.05000000 0.00270000
4.15000000 0.01700000
4.25000000 0.04890000
4.35000000 0.12690000
4.45000000 0.26020000
4.55000000 0.45980000
4.65000000 0.74000000
4.75000000 1.09240000
4.85000000 1.46490000
4.95000000 1.78620000
5.05000000 2.00280000
5.15000000 2.12900000
5.25000000 2.15510000
5.35000000 2.08810000
5.45000000 1.95420000
5.55000000 1.79560000
5.65000000 1.64580000
5.75000000 1.48330000
5.85000000 1.35590000
5.95000000 1.22630000
6.05000000 1.12890000
6.15000000 1.03770000
6.25000000 0.96480000
6.35000000 0.90180000
6.45000000 0.85030000
6.55000000 0.80940000
6.65000000 0.79270000
6.75000000 0.78410000
6.85000000 0.78690000
6.95000000 0.79550000
7.05000000 0.81770000
7.15000000 0.83940000
7.25000000 0.86010000
7.35000000 0.88240000
7.45000000 0.90770000
7.55000000 0.91960000
7.65000000 0.94200000
7.75000000 0.96390000
7.85000000 0.98080000
7.95000000 0.98800000
8.05000000 1.00010000
8.15000000 1.01440000
8.25000000 1.02250000
8.35000000 1.02780000
8.45000000 1.03380000
8.55000000 1.03780000
8.65000000 1.04040000
8.75000000 1.04630000
8.85000000 1.06160000
8.95000000 1.06530000
9.05000000 1.06890000
9.15000000 1.06780000
9.25000000 1.06850000
9.35000000 1.07010000
9.45000000 1.07610000
9.55000000 1.07230000
9.65000000 1.06290000
9.75000000 1.05850000
9.85000000 1.05500000
9.95000000 1.04800000
10.05000000 1.03420000
10.15000000 1.02460000
10.25000000 1.01490000
10.35000000 1.00190000
10.45000000 0.97940000
10.55000000 0.96510000
10.65000000 0.95300000
10.75000000 0.93720000
10.85000000 0.92520000
10.95000000 0.91680000
11.05000000 0.90710000
11.15000000 0.89700000
11.25000000 0.88970000
11.35000000 0.88070000
11.45000000 0.87440000
11.55000000 0.86860000
11.65000000 0.86430000
11.75000000 0.85940000
11.85000000 0.86060000
11.95000000 0.86180000
12.05000000 0.86330000
12.15000000 0.86000000
12.25000000 0.86510000
12.35000000 0.86960000
12.45000000 0.87030000
12.55000000 0.87730000
12.65000000 0.88530000
12.75000000 0.89000000
12.85000000 0.89490000
12.95000000 0.90470000
13.05000000 0.91640000
13.15000000 0.92490000
13.25000000 0.93680000
13.35000000 0.94760000
13.45000000 0.95770000
13.55000000 0.97140000
13.65000000 0.98130000
13.75000000 0.99550000
13.85000000 1.00380000
13.95000000 1.01030000
14.05000000 1.02040000
14.15000000 1.02520000
14.25000000 1.03570000
14.35000000 1.04330000
14.45000000 1.05050000
14.55000000 1.05610000
14.65000000 1.06320000
14.75000000 1.06830000
14.85000000 1.07030000
14.95000000 1.07710000
110
4.05000000 0.00240000
4.15000000 0.01750000
4.25000000 0.05140000
4.35000000 0.12970000
4.45000000 0.26330000
4.55000000 0.46220000
4.65000000 0.74600000
4.75000000 1.10190000
4.85000000 1.48360000
4.95000000 1.82060000
5.05000000 2.05110000
5.15000000 2.17470000
5.25000000 2.20610000
5.35000000 2.13900000
5.45000000 2.00120000
5.55000000 1.83150000
5.65000000 1.68370000
5.75000000 1.51330000
5.85000000 1.37360000
5.95000000 1.24450000
6.05000000 1.14010000
6.15000000 1.04250000
6.25000000 0.96540000
6.35000000 0.90530000
6.45000000 0.85160000
6.55000000 0.81260000
6.65000000 0.79140000
6.75000000 0.78600000
6.85000000 0.78470000
6.95000000 0.79640000
7.05000000 0.81770000
7.15000000 0.83580000
7.25000000 0.85250000
7.35000000 0.87490000
7.45000000 0.89820000
7.55000000 0.90970000
7.65000000 0.93230000
7.75000000 0.95190000
7.85000000 0.96270000
7.95000000 0.96940000
8.05000000 0.98660000
8.15000000 1.00020000
8.25000000 1.00640000
8.35000000 1.01010000
8.45000000 1.01540000
8.55000000 1.01900000
8.65000000 1.02490000
8.75000000 1.03040000
8.85000000 1.04190000
8.95000000 1.04580000
9.05000000 1.05090000
9.15000000 1.05240000
9.25000000 1.05200000
9.35000000 1.05510000
9.45000000 1.05940000
9.55000000 1.06020000
9.65000000 1.05140000
9.75000000 1.04180000
9.85000000 1.04030000
9.95000000 1.03550000
10.05000000 1.02210000
10.15000000 1.01490000
10.25000000 1.01100000
10.35000000 0.99510000
10.45000000 0.97470000
10.55000000 0.96060000
10.65000000 0.94530000
10.75000000 0.93060000
10.85000000 0.91960000
10.95000000 0.91240000
11.05000000 0.90260000
11.15000000 0.89420000
11.25000000 0.88460000
11.35000000 0.87690000
11.45000000 0.86940000
11.55000000 0.86690000
11.65000000 0.86290000
11.75000000 0.85830000
11.85000000 0.85640000
11.95000000 0.86120000
12.05000000 0.85850000
12.15000000 0.85770000
12.25000000 0.86290000
12.35000000 0.86560000
12.45000000 0.87080000
12.55000000 0.87680000
12.65000000 0.88780000
12.75000000 0.88840000
12.85000000 0.89910000
12.95000000 0.90920000
13.05000000 0.92090000
13.15000000 0.92860000
13.25000000 0.93660000
13.35000000 0.95360000
13.45000000 0.96310000
13.55000000 0.97530000
13.65000000 0.98920000
13.75000000 0.99870000
13.85000000 1.00650000
13.95000000 1.01390000
14.05000000 1.01680000
14.15000000 1.02280000
14.25000000 1.03210000
14.35000000 1.04010000
14.45000000 1.04610000
14.55000000 1.05290000
14.65000000 1.05940000
14.75000000 1.06390000
14.85000000 1.06610000
14.95000000 1.07000000
110
4.05000000 0.00240000
4.15000000 0.01700000
4.25000000 0.04850000
4.35000000 0.12270000
4.45000000 0.25080000
4.55000000 0.45040000
4.65000000 0.72010000
4.75000000 1.07490000
4.85000000 1.43360000
4.95000000 1.75540000
5.05000000 1.97370000
5.15000000 2.10090000
5.25000000 2.13550000
5.35000000 2.05550000
5.45000000 1.93370000
5.55000000 1.78470000
5.65000000 1.63750000
5.75000000 1.47560000
5.85000000 1.33910000
5.95000000 1.21510000
6.05000000 1.11910000
6.15000000 1.03070000
6.25000000 0.96190000
6.35000000 0.89990000
6.45000000 0.85010000
6.55000000 0.80580000
6.65000000 0.78960000
6.75000000 0.78190000
6.85000000 0.78350000
6.95000000 0.79450000
7.05000000 0.82030000
7.15000000 0.83620000
7.25000000 0.85320000
7.35000000 0.87130000
7.45000000 0.89420000
7.55000000 0.91480000
7.65000000 0.93630000
7.75000000 0.95540000
7.85000000 0.97170000
7.95000000 0.98020000
8.05000000 0.99330000
8.15000000 1.00710000
8.25000000 1.01500000
8.35000000 1.01570000
8.45000000 1.02260000
8.55000000 1.02250000
8.65000000 1.02780000
8.75000000 1.03390000
8.85000000 1.05050000
8.95000000 1.05200000
9.05000000 1.06130000
9.15000000 1.05510000
9.25000000 1.05750000
9.35000000 1.05900000
9.45000000 1.06340000
9.55000000 1.06370000
9.65000000 1.05450000
9.75000000 1.05280000
9.85000000 1.05080000
9.95000000 1.04180000
10.05000000 1.02970000
10.15000000 1.01920000
10.25000000 1.01360000
10.35000000 0.99410000
10.45000000 0.97400000
10.55000000 0.96360000
10.65000000 0.94950000
10.75000000 0.93350000
10.85000000 0.92150000
10.95000000 0.91410000
11.05000000 0.90460000
11.15000000 0.89600000
11.25000000 0.88950000
11.35000000 0.87750000
11.45000000 0.87200000
11.55000000 0.86740000
11.65000000 0.86530000
11.75000000 0.86210000
11.85000000 0.86380000
11.95000000 0.86540000
12.05000000 0.86530000
12.15000000 0.86300000
12.25000000 0.86940000
12.35000000 0.86970000
12.45000000 0.87270000
12.55000000 0.87840000
12.65000000 0.89020000
12.75000000 0.89100000
12.85000000 0.89670000
12.95000000 0.90580000
13.05000000 0.91610000
13.15000000 0.92550000
13.25000000 0.93580000
13.35000000 0.94950000
13.45000000 0.95840000
13.55000000 0.96990000
13.65000000 0.98250000
13.75000000 0.99370000
13.85000000 1.00240000
13.95000000 1.00860000
14.05000000 1.01310000
14.15000000 1.01720000
14.25000000 1.02890000
14.35000000 1.03610000
14.45000000 1.04550000
14.55000000 1.04860000
14.65000000 1.05570000
14.75000000 1.06050000
14.85000000 1.06560000
14.95000000 1.06980000
110
4.05000000 0.00240000
4.15000000 0.01610000
4.25000000 0.05020000
4.35000000 0.12240000
4.45000000 0.25110000
4.55000000 0.44970000
4.65000000 0.72010000
4.75000000 1.06570000
4.85000000 1.43220000
4.95000000 1.75040000
5.05000000 1.97060000
5.15000000 2.11030000
5.25000000 2.13300000
5.35000000 2.07250000
5.45000000 1.93460000
5.55000000 1.78710000
5.65000000 1.63860000
5.75000000 1.47680000
5.85000000 1.34730000
5.95000000 1.22590000
6.05000000 1.12530000
6.15000000 1.03470000
6.25000000 0.96070000
6.35000000 0.90120000
6.45000000 0.84620000
6.55000000 0.80380000
6.65000000 0.78670000
6.75000000 0.77950000
6.85000000 0.78450000
6.95000000 0.79360000
7.05000000 0.81630000
7.15000000 0.83900000
7.25000000 0.85690000
7.35000000 0.87560000
7.45000000 0.90760000
7.55000000 0.91750000
7.65000000 0.94510000
7.75000000 0.96800000
7.85000000 0.98250000
7.95000000 0.98980000
8.05000000 1.01040000
8.15000000 1.02260000
8.25000000 1.02770000
8.35000000 1.03270000
8.45000000 1.03860000
8.55000000 1.04120000
8.65000000 1.04600000
8.75000000 1.05040000
8.85000000 1.06590000
8.95000000 1.06960000
9.05000000 1.07080000
9.15000000 1.07010000
9.25000000 1.07020000
9.35000000 1.07190000
9.45000000 1.07760000
9.55000000 1.07540000
9.65000000 1.06470000
9.75000000 1.06050000
9.85000000 1.05530000
9.95000000 1.04840000
10.05000000 1.03300000
10.15000000 1.02400000
10.25000000 1.01810000
10.35000000 1.00230000
10.45000000 0.98080000
10.55000000 0.96660000
10.65000000 0.95270000
10.75000000 0.93850000
10.85000000 0.92290000
10.95000000 0.91560000
11.05000000 0.90900000
11.15000000 0.89750000
11.25000000 0.89140000
11.35000000 0.88310000
11.45000000 0.87670000
11.55000000 0.87210000
11.65000000 0.87110000
11.75000000 0.86600000
11.85000000 0.86670000
11.95000000 0.86650000
12.05000000 0.86910000
12.15000000 0.86420000
12.25000000 0.86770000
12.35000000 0.87140000
12.45000000 0.87660000
12.55000000 0.88060000
12.65000000 0.88890000
12.75000000 0.89270000
12.85000000 0.90020000
12.95000000 0.91040000
13.05000000 0.92210000
13.15000000 0.93030000
13.25000000 0.94250000
13.35000000 0.95760000
13.45000000 0.96820000
13.55000000 0.98000000
13.65000000 0.99240000
13.75000000 1.00410000
13.85000000 1.01170000
13.95000000 1.01770000
14.05000000 1.02120000
14.15000000 1.02660000
14.25000000 1.03510000
14.35000000 1.04130000
14.45000000 1.04960000
14.55000000 1.05110000
14.65000000 1.05730000
14.75000000 1.06130000
14.85000000 1.06430000
14.95000000 1.06850000
110
4.05000000 0.00270000
4.15000000 0.01680000
4.25000000 0.05030000
4.35000000 0.12580000
4.45000000 0.26150000
4.55000000 0.46620000
4.65000000 0.74020000
4.75000000 1.09170000
4.85000000 1.46830000
4.95000000 1.80190000
5.05000000 2.01970000
5.15000000 2.15070000
5.25000000 2.17900000
5.35000000 2.11680000
5.45000000 1.96960000
5.55000000 1.80180000
5.65000000 1.65500000
5.75000000 1.48950000
5.85000000 1.34950000
5.95000000 1.22480000
6.05000000 1.12440000
6.15000000 1.03400000
6.25000000 0.96260000
6.35000000 0.89920000
6.45000000 0.84560000
6.55000000 0.80900000
6.65000000 0.78660000
6.75000000 0.78300000
6.85000000 0.78390000
6.95000000 0.79940000
7.05000000 0.81850000
7.15000000 0.83380000
7.25000000 0.85290000
7.35000000 0.87000000
7.45000000 0.89480000
7.55000000 0.90870000
7.65000000 0.93390000
7.75000000 0.95650000
7.85000000 0.97060000
7.95000000 0.98030000
8.05000000 0.99700000
8.15000000 1.00950000
8.25000000 1.01630000
8.35000000 1.02550000
8.45000000 1.03010000
8.55000000 1.03120000
8.65000000 1.03850000
8.75000000 1.04510000
8.85000000 1.06070000
8.95000000 1.06670000
9.05000000 1.07200000
9.15000000 1.07020000
9.25000000 1.06890000
9.35000000 1.07190000
9.45000000 1.07650000
9.55000000 1.07530000
9.65000000 1.06790000
9.75000000 1.06090000
9.85000000 1.05840000
9.95000000 1.05150000
10.05000000 1.03800000
10.15000000 1.02960000
10.25000000 1.02360000
10.35000000 1.00640000
10.45000000 0.98410000
10.55000000 0.97000000
10.65000000 0.95870000
10.75000000 0.94390000
10.85000000 0.93140000
10.95000000 0.92170000
11.05000000 0.91270000
11.15000000 0.90160000
11.25000000 0.89310000
11.35000000 0.88410000
11.45000000 0.87560000
11.55000000 0.87160000
11.65000000 0.86710000
11.75000000 0.86470000
11.85000000 0.86400000
11.95000000 0.86460000
12.05000000 0.86500000
12.15000000 0.86310000
12.25000000 0.86960000
12.35000000 0.87040000
12.45000000 0.87410000
12.55000000 0.88020000
12.65000000 0.89300000
12.75000000 0.89480000
12.85000000 0.90300000
12.95000000 0.91430000
13.05000000 0.92440000
13.15000000 0.93240000
13.25000000 0.94260000
13.35000000 0.95750000
13.45000000 0.96770000
13.55000000 0.97930000
13.65000000 0.99140000
13.75000000 1.00180000
13.85000000 1.00840000
13.95000000 1.01490000
14.05000000 1.02030000
14.15000000 1.02520000
14.25000000 1.03640000
14.35000000 1.04470000
14.45000000 1.04920000
14.55000000 1.05400000
14.65000000 1.05950000
14.75000000 1.06450000
14.85000000 1.06640000
14.95000000 1.07170000
110
4.05000000 0.00280000
4.15000000 0.01710000
4.25000000 0.05150000
4.35000000 0.12780000
4.45000000 0.26440000
4.55000000 0.47350000
4.65000000 0.75420000
4.75000000 1.11860000
4.85000000 1.49830000
4.95000000 1.83570000
5.05000000 2.05840000
5.15000000 2.19200000
5.25000000 2.22440000
5.35000000 2.15510000
5.45000000 2.01630000
5.55000000 1.84890000
5.65000000 1.69610000
5.75000000 1.53000000
5.85000000 1.38680000
5.95000000 1.25560000
6.05000000 1.15180000
6.15000000 1.05730000
6.25000000 0.97770000
6.35000000 0.91320000
6.45000000 0.85990000
6.55000000 0.81840000
6.65000000 0.79800000
6.75000000 0.79450000
6.85000000 0.79280000
6.95000000 0.80670000
7.05000000 0.82970000
7.15000000 0.84900000
7.25000000 0.86550000
7.35000000 0.88290000
7.45000000 0.90770000
7.55000000 0.92620000
7.65000000 0.94600000
7.75000000 0.96720000
7.85000000 0.98380000
7.95000000 0.99290000
8.05000000 1.00880000
8.15000000 1.02040000
8.25000000 1.02660000
8.35000000 1.03220000
8.45000000 1.03760000
8.55000000 1.03810000
8.65000000 1.04680000
8.75000000 1.05050000
8.85000000 1.06690000
8.95000000 1.07130000
9.05000000 1.07620000
9.15000000 1.07160000
9.25000000 1.07240000
9.35000000 1.07350000
9.45000000 1.07980000
9.55000000 1.08010000
9.65000000 1.06970000
9.75000000 1.06610000
9.85000000 1.06250000
9.95000000 1.05310000
10.05000000 1.03980000
10.15000000 1.03070000
10.25000000 1.02360000
10.35000000 1.00720000
10.45000000 0.98580000
10.55000000 0.96790000
10.65000000 0.95490000
10.75000000 0.94090000
10.85000000 0.93040000
10.95000000 0.92080000
11.05000000 0.91160000
11.15000000 0.89920000
11.25000000 0.89190000
11.35000000 0.88050000
11.45000000 0.87380000
11.55000000 0.86930000
11.65000000 0.86500000
11.75000000 0.86150000
11.85000000 0.86220000
11.95000000 0.86320000
12.05000000 0.86340000
12.15000000 0.86230000
12.25000000 0.86660000
12.35000000 0.86770000
12.45000000 0.87200000
12.55000000 0.87730000
12.65000000 0.88810000
12.75000000 0.88960000
12.85000000 0.89690000
12.95000000 0.90690000
13.05000000 0.91520000
13.15000000 0.92490000
13.25000000 0.93340000
13.35000000 0.94770000
13.45000000 0.95730000
13.55000000 0.96880000
13.65000000 0.98040000
13.75000000 0.99290000
13.85000000 1.00160000
13.95000000 1.00770000
14.05000000 1.01390000
14.15000000 1.02000000
14.25000000 1.02900000
14.35000000 1.03890000
14.45000000 1.04600000
14.55000000 1.05000000
14.65000000 1.05580000
14.75000000 1.06050000
14.85000000 1.06400000
14.95000000 1.06860000
110
4.05000000 0.00240000
4.15000000 0.01780000
4.25000000 0.05180000
4.35000000 0.12610000
4.45000000 0.25880000
4.55000000 0.46650000
4.65000000 0.74160000
4.75000000 1.09400000
4.85000000 1.46660000
4.95000000 1.80350000
5.05000000 2.03160000
5.15000000 2.15500000
5.25000000 2.19680000
5.35000000 2.12670000
5.45000000 1.98850000
5.55000000 1.82350000
5.65000000 1.67420000
5.75000000 1.51520000
5.85000000 1.37450000
5.95000000 1.24450000
6.05000000 1.14620000
6.15000000 1.05240000
6.25000000 0.98070000
6.35000000 0.91540000
6.45000000 0.86210000
6.55000000 0.81940000
6.65000000 0.79940000
6.75000000 0.79690000
6.85000000 0.79650000
6.95000000 0.80930000
7.05000000 0.83070000
7.15000000 0.85100000
7.25000000 0.86730000
7.35000000 0.88630000
7.45000000 0.90880000
7.55000000 0.92750000
7.65000000 0.95110000
7.75000000 0.97130000
7.85000000 0.98580000
7.95000000 0.99260000
8.05000000 1.00520000
8.15000000 1.01720000
8.25000000 1.02000000
8.35000000 1.02560000
8.45000000 1.02760000
8.55000000 1.02740000
8.65000000 1.03040000
8.75000000 1.03410000
8.85000000 1.04610000
8.95000000 1.04990000
9.05000000 1.05590000
9.15000000 1.05060000
9.25000000 1.05180000
9.35000000 1.05100000
9.45000000 1.05660000
9.55000000 1.05760000
9.65000000 1.05030000
9.75000000 1.04380000
9.85000000 1.04250000
9.95000000 1.03750000
10.05000000 1.02470000
10.15000000 1.01710000
10.25000000 1.00810000
10.35000000 0.99440000
10.45000000 0.97370000
10.55000000 0.96020000
10.65000000 0.94760000
10.75000000 0.93440000
10.85000000 0.91980000
10.95000000 0.91210000
11.05000000 0.90590000
11.15000000 0.89640000
11.25000000 0.88770000
11.35000000 0.88170000
11.45000000 0.87600000
11.55000000 0.87110000
11.65000000 0.86860000
11.75000000 0.86570000
11.85000000 0.86730000
11.95000000 0.86810000
12.05000000 0.86830000
12.15000000 0.86630000
12.25000000 0.87090000
12.35000000 0.87250000
12.45000000 0.87580000
12.55000000 0.88320000
12.65000000 0.89370000
12.75000000 0.89570000
12.85000000 0.90240000
12.95000000 0.91250000
13.05000000 0.92230000
13.15000000 0.92950000
13.25000000 0.94000000
13.35000000 0.95380000
13.45000000 0.96300000
13.55000000 0.97410000
13.65000000 0.98470000
13.75000000 0.99560000
13.85000000 1.00240000
13.95000000 1.00870000
14.05000000 1.01320000
14.15000000 1.01720000
14.25000000 1.02760000
14.35000000 1.03750000
14.45000000 1.04310000
14.55000000 1.04750000
14.65000000 1.05430000
14.75000000 1.05830000
14.85000000 1.06120000
14.95000000 1.06840000
110
4.05000000 0.00260000
4.15000000 0.01700000
4.25000000 0.05170000
4.35000000 0.12760000
4.45000000 0.26060000
4.55000000 0.46540000
4.65000000 0.73300000
4.75000000 1.08580000
4.85000000 1.45210000
4.95000000 1.77930000
5.05000000 1.99020000
5.15000000 2.11540000
5.25000000 2.14390000
5.35000000 2.07230000
5.45000000 1.93780000
5.55000000 1.78250000
5.65000000 1.64360000
5.75000000 1.48610000
5.85000000 1.34720000
5.95000000 1.22710000
6.05000000 1.12650000
6.15000000 1.03570000
6.25000000 0.96420000
6.35000000 0.90290000
6.45000000 0.85210000
6.55000000 0.81500000
6.65000000 0.79590000
6.75000000 0.78960000
6.85000000 0.79430000
6.95000000 0.80860000
7.05000000 0.82750000
7.15000000 0.85060000
7.25000000 0.86920000
7.35000000 0.88680000
7.45000000 0.91120000
7.55000000 0.92790000
7.65000000 0.94930000
7.75000000 0.96920000
7.85000000 0.98480000
7.95000000 0.98980000
8.05000000 1.00580000
8.15000000 1.01880000
8.25000000 1.02380000
8.35000000 1.03080000
8.45000000 1.03360000
8.55000000 1.03260000
8.65000000 1.03520000
8.75000000 1.04360000
8.85000000 1.05380000
8.95000000 1.05740000
9.05000000 1.06220000
9.15000000 1.05660000
9.25000000 1.05920000
9.35000000 1.06220000
9.45000000 1.06860000
9.55000000 1.06780000
9.65000000 1.05980000
9.75000000 1.05500000
9.85000000 1.05240000
9.95000000 1.04520000
10.05000000 1.03310000
10.15000000 1.02350000
10.25000000 1.01750000
10.35000000 1.00530000
10.45000000 0.98310000
10.55000000 0.96890000
10.65000000 0.96030000
10.75000000 0.94380000
10.85000000 0.93100000
10.95000000 0.92350000
11.05000000 0.91770000
11.15000000 0.90810000
11.25000000 0.90000000
11.35000000 0.89200000
11.45000000 0.88640000
11.55000000 0.88190000
11.65000000 0.87780000
11.75000000 0.87480000
11.85000000 0.87480000
11.95000000 0.87630000
12.05000000 0.87690000
12.15000000 0.87700000
12.25000000 0.88300000
12.35000000 0.88410000
12.45000000 0.88750000
12.55000000 0.89400000
12.65000000 0.90270000
12.75000000 0.90520000
12.85000000 0.91090000
12.95000000 0.92130000
13.05000000 0.92980000
13.15000000 0.93620000
13.25000000 0.94450000
13.35000000 0.95740000
13.45000000 0.96710000
13.55000000 0.97600000
13.65000000 0.98840000
13.75000000 0.99850000
13.85000000 1.00670000
13.95000000 1.01160000
14.05000000 1.01540000
14.15000000 1.02090000
14.25000000 1.02840000
14.35000000 1.03810000
14.45000000 1.04340000
14.55000000 1.04790000
14.65000000 1.05330000
14.75000000 1.05830000
14.85000000 1.06160000
14.95000000 1.06680000
110
4.05000000 0.00270000
4.15000000 0.01730000
4.25000000 0.05140000
4.35000000 0.12670000
4.45000000 0.26040000
4.55000000 0.46720000
4.65000000 0.74150000
4.75000000 1.09630000
4.85000000 1.46900000
4.95000000 1.79260000
5.05000000 2.01910000
5.15000000 2.15290000
5.25000000 2.18340000
5.35000000 2.11450000
5.45000000 1.97390000
5.55000000 1.81010000
5.65000000 1.65650000
5.75000000 1.49240000
5.85000000 1.35590000
5.95000000 1.22920000
6.05000000 1.12680000
6.15000000 1.03740000
6.25000000 0.96160000
6.35000000 0.89960000
6.45000000 0.84720000
6.55000000 0.80420000
6.65000000 0.78360000
6.75000000 0.77840000
6.85000000 0.77510000
6.95000000 0.78920000
7.05000000 0.80860000
7.15000000 0.82880000
7.25000000 0.84660000
7.35000000 0.86390000
7.45000000 0.88910000
7.55000000 0.90840000
7.65000000 0.93010000
7.75000000 0.95040000
7.85000000 0.96780000
7.95000000 0.98000000
8.05000000 0.99520000
8.15000000 1.01140000
8.25000000 1.01770000
8.35000000 1.02550000
8.45000000 1.03310000
8.55000000 1.03560000
8.65000000 1.04150000
8.75000000 1.04640000
8.85000000 1.06330000
8.95000000 1.06720000
9.05000000 1.07520000
9.15000000 1.07290000
9.25000000 1.07160000
9.35000000 1.07310000
9.45000000 1.07970000
9.55000000 1.08060000
9.65000000 1.07090000
9.75000000 1.06490000
9.85000000 1.06380000
9.95000000 1.05850000
10.05000000 1.04620000
10.15000000 1.03770000
10.25000000 1.03100000
10.35000000 1.01400000
10.45000000 0.99230000
10.55000000 0.97690000
10.65000000 0.96300000
10.75000000 0.94910000
10.85000000 0.93450000
10.95000000 0.92510000
11.05000000 0.91740000
11.15000000 0.90510000
11.25000000 0.89730000
11.35000000 0.88690000
11.45000000 0.87990000
11.55000000 0.87310000
11.65000000 0.86960000
11.75000000 0.86510000
11.85000000 0.86750000
11.95000000 0.86560000
12.05000000 0.86790000
12.15000000 0.86580000
12.25000000 0.87040000
12.35000000 0.87210000
12.45000000 0.87640000
12.55000000 0.88260000
12.65000000 0.89210000
12.75000000 0.89660000
12.85000000 0.90210000
12.95000000 0.91090000
13.05000000 0.92390000
13.15000000 0.93390000
13.25000000 0.94450000
13.35000000 0.95690000
13.45000000 0.96780000
13.55000000 0.97840000
13.65000000 0.99240000
13.75000000 1.00300000
13.85000000 1.01150000
13.95000000 1.01710000
14.05000000 1.02120000
14.15000000 1.02660000
14.25000000 1.03550000
14.35000000 1.04280000
14.45000000 1.04800000
14.55000000 1.05200000
14.65000000 1.05800000
14.75000000 1.06170000
14.85000000 1.06550000
14.95000000 1.06970000
110
4.05000000 0.00230000
4.15000000 0.01680000
4.25000000 0.04960000
4.35000000 0.12310000
4.45000000 0.25460000
4.55000000 0.45490000
4.65000000 0.72280000
4.75000000 1.06790000
4.85000000 1.42700000
4.95000000 1.74970000
5.05000000 1.96050000
5.15000000 2.09250000
5.25000000 2.12440000
5.35000000 2.05260000
5.45000000 1.92050000
5.55000000 1.76520000
5.65000000 1.62400000
5.75000000 1.46490000
5.85000000 1.33120000
5.95000000 1.21260000
6.05000000 1.11230000
6.15000000 1.02060000
6.25000000 0.94860000
6.35000000 0.88580000
6.45000000 0.83620000
6.55000000 0.79740000
6.65000000 0.78070000
6.75000000 0.77660000
6.85000000 0.77850000
6.95000000 0.79120000
7.05000000 0.81320000
7.15000000 0.83660000
7.25000000 0.85430000
7.35000000 0.87080000
7.45000000 0.89920000
7.55000000 0.91770000
7.65000000 0.94240000
7.75000000 0.96460000
7.85000000 0.98270000
7.95000000 0.99210000
8.05000000 1.00850000
8.15000000 1.02520000
8.25000000 1.03170000
8.35000000 1.03820000
8.45000000 1.04380000
8.55000000 1.04490000
8.65000000 1.04970000
8.75000000 1.05690000
8.85000000 1.06950000
8.95000000 1.07530000
9.05000000 1.07830000
9.15000000 1.07460000
9.25000000 1.07530000
9.35000000 1.07680000
9.45000000 1.08310000
9.55000000 1.08260000
9.65000000 1.07470000
9.75000000 1.06970000
9.85000000 1.06690000
9.95000000 1.06070000
10.05000000 1.04950000
10.15000000 1.03770000
10.25000000 1.03130000
10.35000000 1.01640000
10.45000000 0.99510000
10.55000000 0.97870000
10.65000000 0.96700000
10.75000000 0.95320000
10.85000000 0.93590000
10.95000000 0.92930000
11.05000000 0.91910000
11.15000000 0.90950000
11.25000000 0.90020000
11.35000000 0.89000000
11.45000000 0.88440000
11.55000000 0.87760000
11.65000000 0.87340000
11.75000000 0.87160000
11.85000000 0.87180000
11.95000000 0.87090000
12.05000000 0.87070000
12.15000000 0.87140000
12.25000000 0.87600000
12.35000000 0.87680000
12.45000000 0.87950000
12.55000000 0.88780000
12.65000000 0.89780000
12.75000000 0.89970000
12.85000000 0.90560000
12.95000000 0.91570000
13.05000000 0.92490000
13.15000000 0.93310000
13.25000000 0.94350000
13.35000000 0.95660000
13.45000000 0.96790000
13.55000000 0.97730000
13.65000000 0.99010000
13.75000000 0.99810000
13.85000000 1.00630000
13.95000000 1.01150000
14.05000000 1.01550000
14.15000000 1.02130000
14.25000000 1.03050000
14.35000000 1.03910000
14.45000000 1.04210000
14.55000000 1.04650000
14.65000000 1.05190000
14.75000000 1.05740000
14.85000000 1.05970000
14.95000000 1.06590000
110
4.05000000 0.00260000
4.15000000 0.01760000
4.25000000 0.05160000
4.35000000 0.12610000
4.45000000 0.26240000
4.55000000 0.47190000
4.65000000 0.75030000
4.75000000 1.10490000
4.85000000 1.48620000
4.95000000 1.81710000
5.05000000 2.03770000
5.15000000 2.17150000
5.25000000 2.20820000
5.35000000 2.13730000
5.45000000 1.99070000
5.55000000 1.82940000
5.65000000 1.67340000
5.75000000 1.51590000
5.85000000 1.37300000
5.95000000 1.24580000
6.05000000 1.14090000
6.15000000 1.05190000
6.25000000 0.97330000
6.35000000 0.91250000
6.45000000 0.85910000
6.55000000 0.81830000
6.65000000 0.79720000
6.75000000 0.79270000
6.85000000 0.79680000
6.95000000 0.80660000
7.05000000 0.82680000
7.15000000 0.84780000
7.25000000 0.86730000
7.35000000 0.89000000
7.45000000 0.91660000
7.55000000 0.93520000
7.65000000 0.95810000
7.75000000 0.98070000
7.85000000 0.99750000
7.95000000 1.00690000
8.05000000 1.02450000
8.15000000 1.03780000
8.25000000 1.04510000
8.35000000 1.05140000
8.45000000 1.05440000
8.55000000 1.05530000
8.65000000 1.05930000
8.75000000 1.06250000
8.85000000 1.07990000
8.95000000 1.08470000
9.05000000 1.08970000
9.15000000 1.08390000
9.25000000 1.08510000
9.35000000 1.08720000
9.45000000 1.09270000
9.55000000 1.09200000
9.65000000 1.08310000
9.75000000 1.07520000
9.85000000 1.07300000
9.95000000 1.06720000
10.05000000 1.05080000
10.15000000 1.04260000
10.25000000 1.03630000
10.35000000 1.01910000
10.45000000 0.99950000
10.55000000 0.98270000
10.65000000 0.96860000
10.75000000 0.95470000
10.85000000 0.94180000
10.95000000 0.93060000
11.05000000 0.92390000
11.15000000 0.91200000
11.25000000 0.90280000
11.35000000 0.89240000
11.45000000 0.88620000
11.55000000 0.88090000
11.65000000 0.87840000
11.75000000 0.87470000
11.85000000 0.87530000
11.95000000 0.87540000
12.05000000 0.87520000
12.15000000 0.87420000
12.25000000 0.87890000
12.35000000 0.87920000
12.45000000 0.88520000
12.55000000 0.89050000
12.65000000 0.90100000
12.75000000 0.90160000
12.85000000 0.90910000
12.95000000 0.92040000
13.05000000 0.93010000
13.15000000 0.93870000
13.25000000 0.94750000
13.35000000 0.96020000
13.45000000 0.97260000
13.55000000 0.98170000
13.65000000 0.99310000
13.75000000 1.00410000
13.85000000 1.01130000
13.95000000 1.01680000
14.05000000 1.01970000
14.15000000 1.02500000
14.25000000 1.03350000
14.35000000 1.04060000
14.45000000 1.04500000
14.55000000 1.04800000
14.65000000 1.05530000
14.75000000 1.05930000
14.85000000 1.05960000
14.95000000 1.06600000
110
4.05000000 0.00240000
4.15000000 0.01740000
4.25000000 0.05090000
4.35000000 0.12540000
4.45000000 0.25890000
4.55000000 0.46100000
4.65000000 0.73710000
4.75000000 1.08490000
4.85000000 1.45910000
4.95000000 1.78230000
5.05000000 1.99810000
5.15000000 2.12820000
5.25000000 2.16130000
5.35000000 2.08540000
5.45000000 1.95700000
5.55000000 1.79500000
5.65000000 1.65040000
5.75000000 1.49070000
5.85000000 1.35100000
5.95000000 1.22640000
6.05000000 1.12100000
6.15000000 1.03210000
6.25000000 0.95780000
6.35000000 0.89560000
6.45000000 0.84230000
6.55000000 0.80040000
6.65000000 0.78470000
6.75000000 0.77810000
6.85000000 0.77920000
6.95000000 0.78830000
7.05000000 0.81360000
7.15000000 0.83340000
7.25000000 0.84970000
7.35000000 0.86880000
7.45000000 0.89650000
7.55000000 0.91550000
7.65000000 0.93850000
7.75000000 0.96030000
7.85000000 0.97980000
7.95000000 0.98800000
8.05000000 1.00760000
8.15000000 1.02250000
8.25000000 1.02810000
8.35000000 1.03560000
8.45000000 1.03930000
8.55000000 1.04180000
8.65000000 1.04730000
8.75000000 1.05370000
8.85000000 1.06660000
8.95000000 1.07400000
9.05000000 1.07870000
9.15000000 1.07620000
9.25000000 1.07660000
9.35000000 1.07920000
9.45000000 1.08440000
9.55000000 1.08270000
9.65000000 1.07340000
9.75000000 1.06880000
9.85000000 1.06750000
9.95000000 1.06270000
10.05000000 1.04570000
10.15000000 1.03750000
10.25000000 1.02990000
10.35000000 1.01480000
10.45000000 0.99310000
10.55000000 0.97640000
10.65000000 0.96620000
10.75000000 0.94950000
10.85000000 0.93680000
10.95000000 0.92700000
11.05000000 0.91960000
11.15000000 0.90930000
11.25000000 0.89820000
11.35000000 0.89030000
11.45000000 0.88380000
11.55000000 0.87840000
11.65000000 0.87440000
11.75000000 0.87130000
11.85000000 0.87020000
11.95000000 0.87050000
12.05000000 0.87050000
12.15000000 0.86640000
12.25000000 0.87340000
12.35000000 0.87340000
12.45000000 0.87830000
12.55000000 0.88480000
12.65000000 0.89500000
12.75000000 0.89640000
12.85000000 0.90060000
12.95000000 0.91220000
13.05000000 0.92140000
13.15000000 0.93190000
13.25000000 0.94020000
13.35000000 0.95300000
13.45000000 0.96250000
13.55000000 0.97450000
13.65000000 0.98670000
13.75000000 0.99760000
13.85000000 1.00760000
13.95000000 1.01330000
14.05000000 1.01750000
14.15000000 1.02320000
14.25000000 1.03210000
14.35000000 1.04120000
14.45000000 1.04780000
14.55000000 1.05340000
14.65000000 1.05860000
14.75000000 1.06300000
14.85000000 1.06560000
14.95000000 1.07030000
110
4.05000000 0.00240000
4.15000000 0.01610000
4.25000000 0.04920000
4.35000000 0.12050000
4.45000000 0.24830000
4.55000000 0.44390000
4.65000000 0.71250000
4.75000000 1.05520000
4.85000000 1.41480000
4.95000000 1.73500000
5.05000000 1.94290000
5.15000000 2.07210000
5.25000000 2.10910000
5.35000000 2.05160000
5.45000000 1.91650000
5.55000000 1.76450000
5.65000000 1.61830000
5.75000000 1.46720000
5.85000000 1.32970000
5.95000000 1.21000000
6.05000000 1.11110000
6.15000000 1.02260000
6.25000000 0.95430000
6.35000000 0.89240000
6.45000000 0.84290000
6.55000000 0.80200000
6.65000000 0.78470000
6.75000000 0.78000000
6.85000000 0.78090000
6.95000000 0.79590000
7.05000000 0.81650000
7.15000000 0.83660000
7.25000000 0.85170000
7.35000000 0.87150000
7.45000000 0.89860000
7.55000000 0.91570000
7.65000000 0.93260000
7.75000000 0.95120000
7.85000000 0.96780000
7.95000000 0.97500000
8.05000000 0.98900000
8.15000000 1.00180000
8.25000000 1.00860000
8.35000000 1.01260000
8.45000000 1.01630000
8.55000000 1.02160000
8.65000000 1.02700000
8.75000000 1.03580000
8.85000000 1.04790000
8.95000000 1.05150000
9.05000000 1.05810000
9.15000000 1.05520000
9.25000000 1.05950000
9.35000000 1.06230000
9.45000000 1.06710000
9.55000000 1.06640000
9.65000000 1.06000000
9.75000000 1.05340000
9.85000000 1.05040000
9.95000000 1.04890000
10.05000000 1.03450000
10.15000000 1.02740000
10.25000000 1.01940000
10.35000000 1.00550000
10.45000000 0.98540000
10.55000000 0.96960000
10.65000000 0.95890000
10.75000000 0.94570000
10.85000000 0.93150000
10.95000000 0.92460000
11.05000000 0.91410000
11.15000000 0.90430000
11.25000000 0.89500000
11.35000000 0.88870000
11.45000000 0.88250000
11.55000000 0.87820000
11.65000000 0.87550000
11.75000000 0.87080000
11.85000000 0.87160000
11.95000000 0.87300000
12.05000000 0.87150000
12.15000000 0.87080000
12.25000000 0.87710000
12.35000000 0.87830000
12.45000000 0.88130000
12.55000000 0.89050000
12.65000000 0.89870000
12.75000000 0.90110000
12.85000000 0.90760000
12.95000000 0.91880000
13.05000000 0.93030000
13.15000000 0.93880000
13.25000000 0.94740000
13.35000000 0.95910000
13.45000000 0.96780000
13.55000000 0.97890000
13.65000000 0.99160000
13.75000000 1.00170000
13.85000000 1.00830000
13.95000000 1.01360000
14.05000000 1.01830000
14.15000000 1.02300000
14.25000000 1.03160000
14.35000000 1.03850000
14.45000000 1.04410000
14.55000000 1.04850000
14.65000000 1.05350000
14.75000000 1.06010000
14.85000000 1.06380000
14.95000000 1.06760000
110
4.05000000 0.00240000
4.15000000 0.01670000
4.25000000 0.04870000
4.35000000 0.12120000
4.45000000 0.24890000
4.55000000 0.45040000
4.65000000 0.71910000
4.75000000 1.06340000
4.85000000 1.42730000
4.95000000 1.75250000
5.05000000 1.97050000
5.15000000 2.09350000
5.25000000 2.13150000
5.35000000 2.05750000
5.45000000 1.93180000
5.55000000 1.77290000
5.65000000 1.62980000
5.75000000 1.47710000
5.85000000 1.34330000
5.95000000 1.21980000
6.05000000 1.11730000
6.15000000 1.02930000
6.25000000 0.95700000
6.35000000 0.89790000
6.45000000 0.84480000
6.55000000 0.80430000
6.65000000 0.78530000
6.75000000 0.78270000
6.85000000 0.78020000
6.95000000 0.79600000
7.05000000 0.81750000
7.15000000 0.83730000
7.25000000 0.85450000
7.35000000 0.87390000
7.45000000 0.89860000
7.55000000 0.91550000
7.65000000 0.93640000
7.75000000 0.96010000
7.85000000 0.97480000
7.95000000 0.98420000
8.05000000 0.99990000
8.15000000 1.01510000
8.25000000 1.02130000
8.35000000 1.02900000
8.45000000 1.03410000
8.55000000 1.03560000
8.65000000 1.04020000
8.75000000 1.04840000
8.85000000 1.06170000
8.95000000 1.06750000
9.05000000 1.07020000
9.15000000 1.06800000
9.25000000 1.06910000
9.35000000 1.06910000
9.45000000 1.07560000
9.55000000 1.07320000
9.65000000 1.06640000
9.75000000 1.05890000
9.85000000 1.05560000
9.95000000 1.04810000
10.05000000 1.03490000
10.15000000 1.02560000
10.25000000 1.01880000
10.35000000 1.00330000
10.45000000 0.98130000
10.55000000 0.96810000
10.65000000 0.95750000
10.75000000 0.94140000
10.85000000 0.93140000
10.95000000 0.92350000
11.05000000 0.91600000
11.15000000 0.90420000
11.25000000 0.89640000
11.35000000 0.88790000
11.45000000 0.88030000
11.55000000 0.87580000
11.65000000 0.87430000
11.75000000 0.87120000
11.85000000 0.87140000
11.95000000 0.87210000
12.05000000 0.87080000
12.15000000 0.86800000
12.25000000 0.87520000
12.35000000 0.87660000
12.45000000 0.88170000
12.55000000 0.88670000
12.65000000 0.89770000
12.75000000 0.90060000
12.85000000 0.90540000
12.95000000 0.91570000
13.05000000 0.92670000
13.15000000 0.93580000
13.25000000 0.94500000
13.35000000 0.95870000
13.45000000 0.97150000
13.55000000 0.98140000
13.65000000 0.99430000
13.75000000 1.00600000
13.85000000 1.01420000
13.95000000 1.02120000
14.05000000 1.02670000
14.15000000 1.03110000
14.25000000 1.04160000
14.35000000 1.04960000
14.45000000 1.05580000
14.55000000 1.05980000
14.65000000 1.06610000
14.75000000 1.06890000
14.85000000 1.07180000
14.95000000 1.07770000
