 30
110
4.05000000 0.00200000
4.15000000 0.01600000
4.25000000 0.04900000
4.35000000 0.12580000
4.45000000 0.25990000
4.55000000 0.46520000
4.65000000 0.75740000
4.75000000 1.13490000
4.85000000 1.52950000
4.95000000 1.89830000
5.05000000 2.14520000
5.15000000 2.28300000
5.25000000 2.35030000
5.35000000 2.25680000
5.45000000 2.12650000
5.55000000 1.95200000
5.65000000 1.76630000
5.75000000 1.60670000
5.85000000 1.43500000
5.95000000 1.29960000
6.05000000 1.18910000
6.15000000 1.08930000
6.25000000 1.00840000
6.35000000 0.93470000
6.45000000 0.87980000
6.55000000 0.83410000
6.65000000 0.81110000
6.75000000 0.80120000
6.85000000 0.80260000
6.95000000 0.81630000
7.05000000 0.83590000
7.15000000 0.86150000
7.25000000 0.88160000
7.35000000 0.90820000
7.45000000 0.93880000
7.55000000 0.96420000
7.65000000 0.98880000
7.75000000 1.00520000
7.85000000 1.01550000
7.95000000 1.02500000
8.05000000 1.03600000
8.15000000 1.04250000
8.25000000 1.04520000
8.35000000 1.03950000
8.45000000 1.03770000
8.55000000 1.02780000
8.65000000 1.02080000
8.75000000 1.03030000
8.85000000 1.03280000
8.95000000 1.04440000
9.05000000 1.04890000
9.15000000 1.06020000
9.25000000 1.06100000
9.35000000 1.07610000
9.45000000 1.08860000
9.55000000 1.10090000
9.65000000 1.10540000
9.75000000 1.10850000
9.85000000 1.11600000
9.95000000 1.11100000
10.05000000 1.09940000
10.15000000 1.08470000
10.25000000 1.07850000
10.35000000 1.05790000
10.45000000 1.03270000
10.55000000 1.01800000
10.65000000 0.99340000
10.75000000 0.97340000
10.85000000 0.95690000
10.95000000 0.94770000
11.05000000 0.93050000
11.15000000 0.91320000
11.25000000 0.90370000
11.35000000 0.89210000
11.45000000 0.88680000
11.55000000 0.87920000
11.65000000 0.87140000
11.75000000 0.86820000
11.85000000 0.86620000
11.95000000 0.86630000
12.05000000 0.85960000
12.15000000 0.85860000
12.25000000 0.86180000
12.35000000 0.86020000
12.45000000 0.85980000
12.55000000 0.86340000
12.65000000 0.86530000
12.75000000 0.86790000
12.85000000 0.87080000
12.95000000 0.88140000
13.05000000 0.89100000
13.15000000 0.89830000
13.25000000 0.90620000
13.35000000 0.91810000
13.45000000 0.93170000
13.55000000 0.94030000
13.65000000 0.95630000
13.75000000 0.97480000
13.85000000 0.98370000
13.95000000 0.99070000
14.05000000 0.99960000
14.15000000 1.01230000
14.25000000 1.02260000
14.35000000 1.03630000
14.45000000 1.04710000
14.55000000 1.05000000
14.65000000 1.06100000
14.75000000 1.06710000
14.85000000 1.07440000
14.95000000 1.08240000
110
4.05000000 0.00310000
4.15000000 0.01980000
4.25000000 0.06250000
4.35000000 0.15280000
4.45000000 0.30340000
4.55000000 0.54300000
4.65000000 0.85840000
4.75000000 1.24980000
4.85000000 1.68770000
4.95000000 2.03140000
5.05000000 2.27240000
5.15000000 2.39920000
5.25000000 2.40880000
5.35000000 2.32460000
5.45000000 2.15040000
5.55000000 1.96670000
5.65000000 1.79500000
5.75000000 1.60080000
5.85000000 1.44740000
5.95000000 1.30240000
6.05000000 1.18780000
6.15000000 1.08370000
6.25000000 0.99920000
6.35000000 0.93660000
6.45000000 0.87480000
6.55000000 0.83780000
6.65000000 0.81160000
6.75000000 0.80190000
6.85000000 0.80430000
6.95000000 0.81430000
7.05000000 0.83890000
7.15000000 0.85520000
7.25000000 0.87840000
7.35000000 0.90020000
7.45000000 0.92020000
7.55000000 0.94240000
7.65000000 0.96550000
7.75000000 0.98630000
7.85000000 1.00310000
7.95000000 1.01270000
8.05000000 1.02310000
8.15000000 1.03990000
8.25000000 1.04500000
8.35000000 1.05410000
8.45000000 1.05750000
8.55000000 1.06410000
8.65000000 1.06740000
8.75000000 1.07170000
8.85000000 1.08810000
8.95000000 1.10270000
9.05000000 1.10550000
9.15000000 1.10240000
9.25000000 1.10150000
9.35000000 1.10710000
9.45000000 1.10900000
9.55000000 1.11070000
9.65000000 1.10340000
9.75000000 1.09730000
9.85000000 1.08590000
9.95000000 1.07960000
10.05000000 1.06210000
10.15000000 1.04650000
10.25000000 1.03400000
10.35000000 1.01210000
10.45000000 0.98470000
10.55000000 0.95790000
10.65000000 0.94510000
10.75000000 0.92200000
10.85000000 0.90350000
10.95000000 0.88700000
11.05000000 0.87450000
11.15000000 0.86020000
11.25000000 0.84870000
11.35000000 0.83540000
11.45000000 0.82440000
11.55000000 0.81950000
11.65000000 0.81630000
11.75000000 0.81360000
11.85000000 0.81380000
11.95000000 0.81580000
12.05000000 0.81640000
12.15000000 0.81460000
12.25000000 0.82030000
12.35000000 0.82780000
12.45000000 0.83300000
12.55000000 0.84070000
12.65000000 0.85320000
12.75000000 0.85800000
12.85000000 0.86630000
12.95000000 0.88100000
13.05000000 0.89540000
13.15000000 0.90770000
13.25000000 0.92190000
13.35000000 0.93830000
13.45000000 0.95280000
13.55000000 0.96590000
13.65000000 0.97970000
13.75000000 0.99470000
13.85000000 1.00480000
13.95000000 1.01490000
14.05000000 1.02430000
14.15000000 1.03130000
14.25000000 1.04500000
14.35000000 1.05810000
14.45000000 1.06880000
14.55000000 1.07920000
14.65000000 1.08970000
14.75000000 1.09720000
14.85000000 1.10760000
14.95000000 1.11850000
110
4.05000000 0.00320000
4.15000000 0.02410000
4.25000000 0.06830000
4.35000000 0.16840000
4.45000000 0.34370000
4.55000000 0.60910000
4.65000000 0.93780000
4.75000000 1.36340000
4.85000000 1.79460000
4.95000000 2.15880000
5.05000000 2.38270000
5.15000000 2.50710000
5.25000000 2.49140000
5.35000000 2.38300000
5.45000000 2.20300000
5.55000000 1.98900000
5.65000000 1.80270000
5.75000000 1.61670000
5.85000000 1.45380000
5.95000000 1.31000000
6.05000000 1.19250000
6.15000000 1.08540000
6.25000000 1.00290000
6.35000000 0.93960000
6.45000000 0.87990000
6.55000000 0.82670000
6.65000000 0.80600000
6.75000000 0.80040000
6.85000000 0.80150000
6.95000000 0.81130000
7.05000000 0.83460000
7.15000000 0.86070000
7.25000000 0.87130000
7.35000000 0.89340000
7.45000000 0.92210000
7.55000000 0.93360000
7.65000000 0.96750000
7.75000000 0.98920000
7.85000000 1.00780000
7.95000000 1.01630000
8.05000000 1.03550000
8.15000000 1.05000000
8.25000000 1.05920000
8.35000000 1.07220000
8.45000000 1.06950000
8.55000000 1.08120000
8.65000000 1.09070000
8.75000000 1.10210000
8.85000000 1.11840000
8.95000000 1.12160000
9.05000000 1.13130000
9.15000000 1.13320000
9.25000000 1.13470000
9.35000000 1.13510000
9.45000000 1.13480000
9.55000000 1.13110000
9.65000000 1.11830000
9.75000000 1.10700000
9.85000000 1.09910000
9.95000000 1.08530000
10.05000000 1.07170000
10.15000000 1.05660000
10.25000000 1.03480000
10.35000000 1.01550000
10.45000000 0.98540000
10.55000000 0.96150000
10.65000000 0.94280000
10.75000000 0.91810000
10.85000000 0.89850000
10.95000000 0.88180000
11.05000000 0.87040000
11.15000000 0.85570000
11.25000000 0.84030000
11.35000000 0.83110000
11.45000000 0.81940000
11.55000000 0.81290000
11.65000000 0.80450000
11.75000000 0.80070000
11.85000000 0.80320000
11.95000000 0.80090000
12.05000000 0.80410000
12.15000000 0.80460000
12.25000000 0.81310000
12.35000000 0.81350000
12.45000000 0.82260000
12.55000000 0.83500000
12.65000000 0.84630000
12.75000000 0.85430000
12.85000000 0.86510000
12.95000000 0.87580000
13.05000000 0.88860000
13.15000000 0.90420000
13.25000000 0.91530000
13.35000000 0.93460000
13.45000000 0.94280000
13.55000000 0.96460000
13.65000000 0.97870000
13.75000000 0.99470000
13.85000000 1.00590000
13.95000000 1.01520000
14.05000000 1.02240000
14.15000000 1.03500000
14.25000000 1.04850000
14.35000000 1.05920000
14.45000000 1.06910000
14.55000000 1.08050000
14.65000000 1.08710000
14.75000000 1.09690000
14.85000000 1.10300000
14.95000000 1.10990000
110
4.05000000 0.00320000
4.15000000 0.02330000
4.25000000 0.06750000
4.35000000 0.15630000
4.45000000 0.33010000
4.55000000 0.57970000
4.65000000 0.91540000
4.75000000 1.33530000
4.85000000 1.76210000
4.95000000 2.13140000
5.05000000 2.36980000
5.15000000 2.48280000
5.25000000 2.49040000
5.35000000 2.38330000
5.45000000 2.19820000
5.55000000 2.00700000
5.65000000 1.82400000
5.75000000 1.62730000
5.85000000 1.46550000
5.95000000 1.33290000
6.05000000 1.19880000
6.15000000 1.09690000
6.25000000 1.01130000
6.35000000 0.93670000
6.45000000 0.87730000
6.55000000 0.83260000
6.65000000 0.80900000
6.75000000 0.80800000
6.85000000 0.80760000
6.95000000 0.81990000
7.05000000 0.83890000
7.15000000 0.85950000
7.25000000 0.87780000
7.35000000 0.89950000
7.45000000 0.92850000
7.55000000 0.94860000
7.65000000 0.96460000
7.75000000 0.99400000
7.85000000 1.01060000
7.95000000 1.02410000
8.05000000 1.04080000
8.15000000 1.05640000
8.25000000 1.06320000
8.35000000 1.06990000
8.45000000 1.07620000
8.55000000 1.08310000
8.65000000 1.09030000
8.75000000 1.09650000
8.85000000 1.11080000
8.95000000 1.11730000
9.05000000 1.12720000
9.15000000 1.11060000
9.25000000 1.11630000
9.35000000 1.10970000
9.45000000 1.11770000
9.55000000 1.11060000
9.65000000 1.09850000
9.75000000 1.08570000
9.85000000 1.08010000
9.95000000 1.06900000
10.05000000 1.04960000
10.15000000 1.03670000
10.25000000 1.02760000
10.35000000 1.00480000
10.45000000 0.97910000
10.55000000 0.95720000
10.65000000 0.94030000
10.75000000 0.92440000
10.85000000 0.90420000
10.95000000 0.89680000
11.05000000 0.88170000
11.15000000 0.87100000
11.25000000 0.86110000
11.35000000 0.85110000
11.45000000 0.84180000
11.55000000 0.83480000
11.65000000 0.83750000
11.75000000 0.83010000
11.85000000 0.82990000
11.95000000 0.83320000
12.05000000 0.83060000
12.15000000 0.82930000
12.25000000 0.83280000
12.35000000 0.83680000
12.45000000 0.84150000
12.55000000 0.84760000
12.65000000 0.85990000
12.75000000 0.86600000
12.85000000 0.87050000
12.95000000 0.88510000
13.05000000 0.89790000
13.15000000 0.90730000
13.25000000 0.91930000
13.35000000 0.93220000
13.45000000 0.94340000
13.55000000 0.95720000
13.65000000 0.96990000
13.75000000 0.98060000
13.85000000 0.98920000
13.95000000 1.00070000
14.05000000 1.00560000
14.15000000 1.01230000
14.25000000 1.02630000
14.35000000 1.03340000
14.45000000 1.04190000
14.55000000 1.04890000
14.65000000 1.05610000
14.75000000 1.06700000
14.85000000 1.07240000
14.95000000 1.08190000
110
4.05000000 0.00350000
4.15000000 0.02040000
4.25000000 0.06610000
4.35000000 0.15430000
4.45000000 0.31560000
4.55000000 0.56140000
4.65000000 0.88840000
4.75000000 1.28960000
4.85000000 1.70540000
4.95000000 2.07070000
5.05000000 2.27780000
5.15000000 2.39510000
5.25000000 2.41450000
5.35000000 2.31070000
5.45000000 2.13390000
5.55000000 1.94810000
5.65000000 1.76240000
5.75000000 1.58260000
5.85000000 1.41910000
5.95000000 1.27250000
6.05000000 1.15600000
6.15000000 1.06430000
6.25000000 0.97860000
6.35000000 0.91200000
6.45000000 0.85330000
6.55000000 0.81300000
6.65000000 0.79850000
6.75000000 0.79040000
6.85000000 0.78780000
6.95000000 0.80410000
7.05000000 0.82480000
7.15000000 0.84510000
7.25000000 0.85940000
7.35000000 0.88520000
7.45000000 0.91650000
7.55000000 0.93580000
7.65000000 0.95410000
7.75000000 0.97640000
7.85000000 0.99710000
7.95000000 1.00490000
8.05000000 1.02250000
8.15000000 1.04190000
8.25000000 1.05440000
8.35000000 1.06060000
8.45000000 1.06660000
8.55000000 1.07250000
8.65000000 1.07450000
8.75000000 1.08450000
8.85000000 1.09100000
8.95000000 1.09570000
9.05000000 1.09720000
9.15000000 1.09340000
9.25000000 1.09190000
9.35000000 1.10170000
9.45000000 1.10140000
9.55000000 1.09830000
9.65000000 1.08760000
9.75000000 1.08590000
9.85000000 1.07790000
9.95000000 1.06980000
10.05000000 1.05490000
10.15000000 1.04110000
10.25000000 1.03160000
10.35000000 1.01390000
10.45000000 0.99000000
10.55000000 0.97130000
10.65000000 0.95840000
10.75000000 0.93710000
10.85000000 0.92210000
10.95000000 0.91070000
11.05000000 0.89830000
11.15000000 0.88730000
11.25000000 0.87570000
11.35000000 0.86820000
11.45000000 0.85720000
11.55000000 0.85260000
11.65000000 0.84640000
11.75000000 0.84390000
11.85000000 0.84100000
11.95000000 0.84260000
12.05000000 0.84510000
12.15000000 0.84200000
12.25000000 0.85110000
12.35000000 0.85010000
12.45000000 0.85530000
12.55000000 0.86560000
12.65000000 0.87450000
12.75000000 0.87930000
12.85000000 0.88660000
12.95000000 0.89790000
13.05000000 0.90400000
13.15000000 0.91480000
13.25000000 0.92620000
13.35000000 0.94300000
13.45000000 0.95410000
13.55000000 0.96340000
13.65000000 0.97960000
13.75000000 0.99230000
13.85000000 1.00150000
13.95000000 1.01060000
14.05000000 1.01790000
14.15000000 1.02040000
14.25000000 1.03050000
14.35000000 1.04440000
14.45000000 1.04960000
14.55000000 1.05710000
14.65000000 1.06510000
14.75000000 1.06850000
14.85000000 1.07420000
14.95000000 1.07910000
110
4.05000000 0.00330000
4.15000000 0.02110000
4.25000000 0.06190000
4.35000000 0.15570000
4.45000000 0.30790000
4.55000000 0.54300000
4.65000000 0.86220000
4.75000000 1.26190000
4.85000000 1.66920000
4.95000000 2.02750000
5.05000000 2.26180000
5.15000000 2.38790000
5.25000000 2.41130000
5.35000000 2.29490000
5.45000000 2.12920000
5.55000000 1.92860000
5.65000000 1.76030000
5.75000000 1.57960000
5.85000000 1.43190000
5.95000000 1.28020000
6.05000000 1.16250000
6.15000000 1.06750000
6.25000000 0.98130000
6.35000000 0.92230000
6.45000000 0.86480000
6.55000000 0.80900000
6.65000000 0.78370000
6.75000000 0.78180000
6.85000000 0.77360000
6.95000000 0.78600000
7.05000000 0.80830000
7.15000000 0.81770000
7.25000000 0.84560000
7.35000000 0.86370000
7.45000000 0.88450000
7.55000000 0.90280000
7.65000000 0.92800000
7.75000000 0.95050000
7.85000000 0.96540000
7.95000000 0.97920000
8.05000000 0.98990000
8.15000000 1.00190000
8.25000000 1.01330000
8.35000000 1.01500000
8.45000000 1.02690000
8.55000000 1.02760000
8.65000000 1.03170000
8.75000000 1.04030000
8.85000000 1.05510000
8.95000000 1.06420000
9.05000000 1.06800000
9.15000000 1.07200000
9.25000000 1.07350000
9.35000000 1.07510000
9.45000000 1.08470000
9.55000000 1.08650000
9.65000000 1.07750000
9.75000000 1.06510000
9.85000000 1.06250000
9.95000000 1.05460000
10.05000000 1.04570000
10.15000000 1.03380000
10.25000000 1.02570000
10.35000000 1.01000000
10.45000000 0.98610000
10.55000000 0.97160000
10.65000000 0.95860000
10.75000000 0.94760000
10.85000000 0.93360000
10.95000000 0.91940000
11.05000000 0.91110000
11.15000000 0.89960000
11.25000000 0.89120000
11.35000000 0.88110000
11.45000000 0.87340000
11.55000000 0.86930000
11.65000000 0.86150000
11.75000000 0.86120000
11.85000000 0.85900000
11.95000000 0.86060000
12.05000000 0.86290000
12.15000000 0.86020000
12.25000000 0.86730000
12.35000000 0.87000000
12.45000000 0.87390000
12.55000000 0.87440000
12.65000000 0.88580000
12.75000000 0.88770000
12.85000000 0.89560000
12.95000000 0.90500000
13.05000000 0.91690000
13.15000000 0.92860000
13.25000000 0.93350000
13.35000000 0.94470000
13.45000000 0.96030000
13.55000000 0.97050000
13.65000000 0.98470000
13.75000000 0.99130000
13.85000000 0.99940000
13.95000000 1.00380000
14.05000000 1.00910000
14.15000000 1.01650000
14.25000000 1.02280000
14.35000000 1.03490000
14.45000000 1.03960000
14.55000000 1.04840000
14.65000000 1.05470000
14.75000000 1.06350000
14.85000000 1.06340000
14.95000000 1.06940000
110
4.05000000 0.00310000
4.15000000 0.01860000
4.25000000 0.05390000
4.35000000 0.13290000
4.45000000 0.27690000
4.55000000 0.49450000
4.65000000 0.78600000
4.75000000 1.14340000
4.85000000 1.53160000
4.95000000 1.86640000
5.05000000 2.08830000
5.15000000 2.23110000
5.25000000 2.26860000
5.35000000 2.18750000
5.45000000 2.03150000
5.55000000 1.86070000
5.65000000 1.70990000
5.75000000 1.53800000
5.85000000 1.38750000
5.95000000 1.26680000
6.05000000 1.16210000
6.15000000 1.05540000
6.25000000 0.97920000
6.35000000 0.91420000
6.45000000 0.86260000
6.55000000 0.82380000
6.65000000 0.79890000
6.75000000 0.79120000
6.85000000 0.78430000
6.95000000 0.79540000
7.05000000 0.81430000
7.15000000 0.83030000
7.25000000 0.84410000
7.35000000 0.86300000
7.45000000 0.88780000
7.55000000 0.90950000
7.65000000 0.92530000
7.75000000 0.94190000
7.85000000 0.95420000
7.95000000 0.96440000
8.05000000 0.97690000
8.15000000 0.99340000
8.25000000 0.99780000
8.35000000 1.00150000
8.45000000 1.00890000
8.55000000 1.01230000
8.65000000 1.02080000
8.75000000 1.02240000
8.85000000 1.04350000
8.95000000 1.04480000
9.05000000 1.05250000
9.15000000 1.04980000
9.25000000 1.05330000
9.35000000 1.05360000
9.45000000 1.05410000
9.55000000 1.05860000
9.65000000 1.05300000
9.75000000 1.05070000
9.85000000 1.04810000
9.95000000 1.04760000
10.05000000 1.03090000
10.15000000 1.02750000
10.25000000 1.02300000
10.35000000 1.00780000
10.45000000 0.98990000
10.55000000 0.97300000
10.65000000 0.96080000
10.75000000 0.94810000
10.85000000 0.93220000
10.95000000 0.92530000
11.05000000 0.92140000
11.15000000 0.90780000
11.25000000 0.89690000
11.35000000 0.88540000
11.45000000 0.88250000
11.55000000 0.87410000
11.65000000 0.87040000
11.75000000 0.86660000
11.85000000 0.86680000
11.95000000 0.86600000
12.05000000 0.86520000
12.15000000 0.86600000
12.25000000 0.86710000
12.35000000 0.86990000
12.45000000 0.87250000
12.55000000 0.88200000
12.65000000 0.89060000
12.75000000 0.89560000
12.85000000 0.89760000
12.95000000 0.90880000
13.05000000 0.91990000
13.15000000 0.93030000
13.25000000 0.94130000
13.35000000 0.95300000
13.45000000 0.96040000
13.55000000 0.96920000
13.65000000 0.98330000
13.75000000 0.99310000
13.85000000 1.00380000
13.95000000 1.00720000
14.05000000 1.01280000
14.15000000 1.01900000
14.25000000 1.02800000
14.35000000 1.03740000
14.45000000 1.04300000
14.55000000 1.04510000
14.65000000 1.05280000
14.75000000 1.05530000
14.85000000 1.05750000
14.95000000 1.06720000
110
4.05000000 0.00260000
4.15000000 0.01860000
4.25000000 0.05590000
4.35000000 0.13510000
4.45000000 0.28290000
4.55000000 0.49680000
4.65000000 0.78690000
4.75000000 1.15500000
4.85000000 1.54660000
4.95000000 1.88820000
5.05000000 2.10830000
5.15000000 2.23600000
5.25000000 2.27020000
5.35000000 2.18300000
5.45000000 2.03980000
5.55000000 1.85620000
5.65000000 1.69600000
5.75000000 1.52790000
5.85000000 1.37250000
5.95000000 1.24320000
6.05000000 1.12520000
6.15000000 1.03410000
6.25000000 0.96670000
6.35000000 0.89250000
6.45000000 0.84070000
6.55000000 0.79900000
6.65000000 0.77900000
6.75000000 0.76290000
6.85000000 0.76920000
6.95000000 0.78140000
7.05000000 0.79810000
7.15000000 0.81820000
7.25000000 0.83000000
7.35000000 0.85460000
7.45000000 0.86810000
7.55000000 0.89370000
7.65000000 0.91290000
7.75000000 0.93900000
7.85000000 0.95150000
7.95000000 0.95880000
8.05000000 0.97860000
8.15000000 0.99120000
8.25000000 0.99460000
8.35000000 0.99700000
8.45000000 1.01220000
8.55000000 1.00740000
8.65000000 1.00970000
8.75000000 1.02150000
8.85000000 1.03790000
8.95000000 1.04710000
9.05000000 1.05490000
9.15000000 1.04980000
9.25000000 1.05160000
9.35000000 1.05530000
9.45000000 1.06540000
9.55000000 1.06430000
9.65000000 1.06340000
9.75000000 1.05780000
9.85000000 1.05240000
9.95000000 1.05260000
10.05000000 1.03990000
10.15000000 1.03190000
10.25000000 1.02150000
10.35000000 1.00460000
10.45000000 0.98980000
10.55000000 0.97490000
10.65000000 0.96240000
10.75000000 0.95040000
10.85000000 0.93500000
10.95000000 0.93030000
11.05000000 0.92250000
11.15000000 0.91260000
11.25000000 0.90350000
11.35000000 0.89730000
11.45000000 0.89350000
11.55000000 0.88180000
11.65000000 0.88340000
11.75000000 0.87470000
11.85000000 0.87840000
11.95000000 0.87800000
12.05000000 0.87730000
12.15000000 0.87620000
12.25000000 0.87970000
12.35000000 0.87820000
12.45000000 0.88600000
12.55000000 0.89310000
12.65000000 0.90190000
12.75000000 0.90310000
12.85000000 0.91120000
12.95000000 0.91870000
13.05000000 0.93020000
13.15000000 0.94160000
13.25000000 0.95150000
13.35000000 0.96490000
13.45000000 0.97750000
13.55000000 0.98730000
13.65000000 0.99960000
13.75000000 1.01120000
13.85000000 1.02200000
13.95000000 1.02880000
14.05000000 1.03190000
14.15000000 1.03840000
14.25000000 1.04800000
14.35000000 1.05640000
14.45000000 1.06150000
14.55000000 1.06180000
14.65000000 1.06850000
14.75000000 1.07040000
14.85000000 1.07500000
14.95000000 1.07670000
110
4.05000000 0.00240000
4.15000000 0.01790000
4.25000000 0.05490000
4.35000000 0.13380000
4.45000000 0.27960000
4.55000000 0.49030000
4.65000000 0.77920000
4.75000000 1.14520000
4.85000000 1.53580000
4.95000000 1.86620000
5.05000000 2.10640000
5.15000000 2.22840000
5.25000000 2.25100000
5.35000000 2.17510000
5.45000000 2.04160000
5.55000000 1.85780000
5.65000000 1.69490000
5.75000000 1.53100000
5.85000000 1.39270000
5.95000000 1.25670000
6.05000000 1.15870000
6.15000000 1.05560000
6.25000000 0.97640000
6.35000000 0.91260000
6.45000000 0.85830000
6.55000000 0.80620000
6.65000000 0.80010000
6.75000000 0.78860000
6.85000000 0.78820000
6.95000000 0.79510000
7.05000000 0.81640000
7.15000000 0.84060000
7.25000000 0.85590000
7.35000000 0.87570000
7.45000000 0.89580000
7.55000000 0.91210000
7.65000000 0.93270000
7.75000000 0.95030000
7.85000000 0.96990000
7.95000000 0.97420000
8.05000000 0.99280000
8.15000000 1.00190000
8.25000000 1.01090000
8.35000000 1.01960000
8.45000000 1.01900000
8.55000000 1.02210000
8.65000000 1.02310000
8.75000000 1.03580000
8.85000000 1.04140000
8.95000000 1.04870000
9.05000000 1.05140000
9.15000000 1.05040000
9.25000000 1.05030000
9.35000000 1.05220000
9.45000000 1.06000000
9.55000000 1.05850000
9.65000000 1.04700000
9.75000000 1.04620000
9.85000000 1.04630000
9.95000000 1.04110000
10.05000000 1.02970000
10.15000000 1.02310000
10.25000000 1.02070000
10.35000000 1.00930000
10.45000000 0.98690000
10.55000000 0.97620000
10.65000000 0.96510000
10.75000000 0.95150000
10.85000000 0.94470000
10.95000000 0.93430000
11.05000000 0.93310000
11.15000000 0.91960000
11.25000000 0.91510000
11.35000000 0.90370000
11.45000000 0.89490000
11.55000000 0.89390000
11.65000000 0.88850000
11.75000000 0.88490000
11.85000000 0.88840000
11.95000000 0.88770000
12.05000000 0.88770000
12.15000000 0.88600000
12.25000000 0.88640000
12.35000000 0.88850000
12.45000000 0.89190000
12.55000000 0.89670000
12.65000000 0.90670000
12.75000000 0.90980000
12.85000000 0.91440000
12.95000000 0.92440000
13.05000000 0.93120000
13.15000000 0.94070000
13.25000000 0.95000000
13.35000000 0.96320000
13.45000000 0.97350000
13.55000000 0.98620000
13.65000000 0.99270000
13.75000000 1.00260000
13.85000000 1.01460000
13.95000000 1.01720000
14.05000000 1.02340000
14.15000000 1.02800000
14.25000000 1.03560000
14.35000000 1.04130000
14.45000000 1.04920000
14.55000000 1.05420000
14.65000000 1.05980000
14.75000000 1.06150000
14.85000000 1.06370000
14.95000000 1.06590000
110
4.05000000 0.00220000
4.15000000 0.01810000
4.25000000 0.05380000
4.35000000 0.13190000
4.45000000 0.27060000
4.55000000 0.49640000
4.65000000 0.77600000
4.75000000 1.15580000
4.85000000 1.53380000
4.95000000 1.88380000
5.05000000 2.08950000
5.15000000 2.22110000
5.25000000 2.25870000
5.35000000 2.18020000
5.45000000 2.03330000
5.55000000 1.84240000
5.65000000 1.69010000
5.75000000 1.52910000
5.85000000 1.37490000
5.95000000 1.25460000
6.05000000 1.15120000
6.15000000 1.05830000
6.25000000 0.97950000
6.35000000 0.92450000
6.45000000 0.85950000
6.55000000 0.81400000
6.65000000 0.79210000
6.75000000 0.79170000
6.85000000 0.79460000
6.95000000 0.79900000
7.05000000 0.82980000
7.15000000 0.84780000
7.25000000 0.86080000
7.35000000 0.87330000
7.45000000 0.90130000
7.55000000 0.91380000
7.65000000 0.93870000
7.75000000 0.96400000
7.85000000 0.97550000
7.95000000 0.98200000
8.05000000 0.99990000
8.15000000 1.01070000
8.25000000 1.01170000
8.35000000 1.02290000
8.45000000 1.02750000
8.55000000 1.02900000
8.65000000 1.03360000
8.75000000 1.04100000
8.85000000 1.05250000
8.95000000 1.06260000
9.05000000 1.05740000
9.15000000 1.05420000
9.25000000 1.05710000
9.35000000 1.05180000
9.45000000 1.05680000
9.55000000 1.05560000
9.65000000 1.05220000
9.75000000 1.05100000
9.85000000 1.04620000
9.95000000 1.04600000
10.05000000 1.03580000
10.15000000 1.02640000
10.25000000 1.02230000
10.35000000 1.00970000
10.45000000 0.98620000
10.55000000 0.97380000
10.65000000 0.96090000
10.75000000 0.94910000
10.85000000 0.93650000
10.95000000 0.92570000
11.05000000 0.91870000
11.15000000 0.91140000
11.25000000 0.89730000
11.35000000 0.89570000
11.45000000 0.88860000
11.55000000 0.88200000
11.65000000 0.88280000
11.75000000 0.87690000
11.85000000 0.87490000
11.95000000 0.87560000
12.05000000 0.87550000
12.15000000 0.87070000
12.25000000 0.87740000
12.35000000 0.88250000
12.45000000 0.87950000
12.55000000 0.89070000
12.65000000 0.89950000
12.75000000 0.90000000
12.85000000 0.90240000
12.95000000 0.91500000
13.05000000 0.92740000
13.15000000 0.93440000
13.25000000 0.94640000
13.35000000 0.96310000
13.45000000 0.97160000
13.55000000 0.98070000
13.65000000 0.99980000
13.75000000 1.00690000
13.85000000 1.01360000
13.95000000 1.02170000
14.05000000 1.02570000
14.15000000 1.02630000
14.25000000 1.03930000
14.35000000 1.04550000
14.45000000 1.05110000
14.55000000 1.05830000
14.65000000 1.06240000
14.75000000 1.06710000
14.85000000 1.06950000
14.95000000 1.07760000
110
4.05000000 0.00290000
4.15000000 0.01920000
4.25000000 0.05400000
4.35000000 0.13640000
4.45000000 0.28170000
4.55000000 0.49340000
4.65000000 0.78570000
4.75000000 1.15530000
4.85000000 1.55410000
4.95000000 1.89110000
5.05000000 2.13120000
5.15000000 2.26150000
5.25000000 2.27850000
5.35000000 2.19340000
5.45000000 2.04380000
5.55000000 1.86670000
5.65000000 1.71990000
5.75000000 1.54950000
5.85000000 1.38990000
5.95000000 1.25530000
6.05000000 1.15900000
6.15000000 1.06090000
6.25000000 0.98380000
6.35000000 0.91670000
6.45000000 0.86080000
6.55000000 0.81680000
6.65000000 0.79920000
6.75000000 0.78840000
6.85000000 0.78610000
6.95000000 0.80420000
7.05000000 0.81490000
7.15000000 0.83730000
7.25000000 0.85470000
7.35000000 0.87590000
7.45000000 0.89430000
7.55000000 0.91340000
7.65000000 0.93270000
7.75000000 0.95760000
7.85000000 0.97200000
7.95000000 0.98130000
8.05000000 1.00150000
8.15000000 1.02570000
8.25000000 1.02980000
8.35000000 1.03000000
8.45000000 1.03780000
8.55000000 1.04390000
8.65000000 1.04630000
8.75000000 1.05330000
8.85000000 1.06890000
8.95000000 1.07070000
9.05000000 1.07540000
9.15000000 1.06580000
9.25000000 1.07570000
9.35000000 1.07890000
9.45000000 1.08510000
9.55000000 1.08370000
9.65000000 1.07560000
9.75000000 1.06510000
9.85000000 1.07000000
9.95000000 1.05630000
10.05000000 1.04960000
10.15000000 1.03510000
10.25000000 1.03450000
10.35000000 1.01810000
10.45000000 0.99670000
10.55000000 0.97810000
10.65000000 0.96630000
10.75000000 0.95270000
10.85000000 0.93950000
10.95000000 0.93540000
11.05000000 0.92390000
11.15000000 0.91500000
11.25000000 0.90730000
11.35000000 0.89100000
11.45000000 0.89130000
11.55000000 0.88380000
11.65000000 0.88340000
11.75000000 0.88010000
11.85000000 0.88230000
11.95000000 0.87940000
12.05000000 0.87860000
12.15000000 0.87410000
12.25000000 0.88480000
12.35000000 0.88800000
12.45000000 0.88710000
12.55000000 0.89610000
12.65000000 0.90830000
12.75000000 0.91130000
12.85000000 0.91790000
12.95000000 0.92600000
13.05000000 0.93810000
13.15000000 0.94980000
13.25000000 0.95680000
13.35000000 0.96580000
13.45000000 0.97750000
13.55000000 0.98670000
13.65000000 1.00510000
13.75000000 1.01220000
13.85000000 1.01740000
13.95000000 1.02120000
14.05000000 1.02830000
14.15000000 1.03570000
14.25000000 1.04170000
14.35000000 1.05130000
14.45000000 1.05680000
14.55000000 1.06110000
14.65000000 1.06430000
14.75000000 1.06750000
14.85000000 1.06920000
14.95000000 1.07760000
110
4.05000000 0.00310000
4.15000000 0.01710000
4.25000000 0.05680000
4.35000000 0.12200000
4.45000000 0.25400000
4.55000000 0.45160000
4.65000000 0.69850000
4.75000000 1.07880000
4.85000000 1.44410000
4.95000000 1.74240000
5.05000000 1.88730000
5.15000000 2.06110000
5.25000000 2.08220000
5.35000000 2.02990000
5.45000000 1.91640000
5.55000000 1.75470000
5.65000000 1.61540000
5.75000000 1.42760000
5.85000000 1.34150000
5.95000000 1.23070000
6.05000000 1.10230000
6.15000000 1.02540000
6.25000000 0.95440000
6.35000000 0.88400000
6.45000000 0.83450000
6.55000000 0.79280000
6.65000000 0.78540000
6.75000000 0.76890000
6.85000000 0.77030000
6.95000000 0.80270000
7.05000000 0.81770000
7.15000000 0.84220000
7.25000000 0.84970000
7.35000000 0.86590000
7.45000000 0.90830000
7.55000000 0.91780000
7.65000000 0.93800000
7.75000000 0.95370000
7.85000000 0.95070000
7.95000000 0.97580000
8.05000000 1.00850000
8.15000000 0.99530000
8.25000000 1.00840000
8.35000000 1.02840000
8.45000000 1.01990000
8.55000000 1.01830000
8.65000000 1.01140000
8.75000000 1.01600000
8.85000000 1.03950000
8.95000000 1.05920000
9.05000000 1.05900000
9.15000000 1.06090000
9.25000000 1.05700000
9.35000000 1.04420000
9.45000000 1.05830000
9.55000000 1.05280000
9.65000000 1.06410000
9.75000000 1.05090000
9.85000000 1.03870000
9.95000000 1.03620000
10.05000000 1.03160000
10.15000000 1.03950000
10.25000000 1.03220000
10.35000000 1.00280000
10.45000000 0.99330000
10.55000000 0.98640000
10.65000000 0.97400000
10.75000000 0.95940000
10.85000000 0.96370000
10.95000000 0.95040000
11.05000000 0.93610000
11.15000000 0.93790000
11.25000000 0.92660000
11.35000000 0.92570000
11.45000000 0.91180000
11.55000000 0.89860000
11.65000000 0.88980000
11.75000000 0.87210000
11.85000000 0.87740000
11.95000000 0.88510000
12.05000000 0.88250000
12.15000000 0.86190000
12.25000000 0.86640000
12.35000000 0.87280000
12.45000000 0.88500000
12.55000000 0.88350000
12.65000000 0.88060000
12.75000000 0.89020000
12.85000000 0.91560000
12.95000000 0.92960000
13.05000000 0.94300000
13.15000000 0.95220000
13.25000000 0.96140000
13.35000000 0.96720000
13.45000000 0.98040000
13.55000000 0.98820000
13.65000000 1.00070000
13.75000000 1.00560000
13.85000000 1.01930000
13.95000000 1.02720000
14.05000000 1.03480000
14.15000000 1.04380000
14.25000000 1.05370000
14.35000000 1.06740000
14.45000000 1.07010000
14.55000000 1.07920000
14.65000000 1.07420000
14.75000000 1.06540000
14.85000000 1.06710000
14.95000000 1.09120000
110
4.05000000 0.00180000
4.15000000 0.01620000
4.25000000 0.05220000
4.35000000 0.12040000
4.45000000 0.23900000
4.55000000 0.42380000
4.65000000 0.67540000
4.75000000 1.03410000
4.85000000 1.38700000
4.95000000 1.66030000
5.05000000 1.84260000
5.15000000 2.01540000
5.25000000 2.04290000
5.35000000 1.95020000
5.45000000 1.85840000
5.55000000 1.71280000
5.65000000 1.56300000
5.75000000 1.39130000
5.85000000 1.31550000
5.95000000 1.18720000
6.05000000 1.07030000
6.15000000 0.99860000
6.25000000 0.94730000
6.35000000 0.86880000
6.45000000 0.83460000
6.55000000 0.77960000
6.65000000 0.79240000
6.75000000 0.75980000
6.85000000 0.78290000
6.95000000 0.79590000
7.05000000 0.80310000
7.15000000 0.85280000
7.25000000 0.85110000
7.35000000 0.89160000
7.45000000 0.91090000
7.55000000 0.91360000
7.65000000 0.94250000
7.75000000 0.94930000
7.85000000 0.95970000
7.95000000 0.98040000
8.05000000 1.01560000
8.15000000 1.00410000
8.25000000 1.01190000
8.35000000 1.01060000
8.45000000 1.02210000
8.55000000 1.01820000
8.65000000 1.01210000
8.75000000 1.02100000
8.85000000 1.04180000
8.95000000 1.06650000
9.05000000 1.06820000
9.15000000 1.05310000
9.25000000 1.06760000
9.35000000 1.06530000
9.45000000 1.07220000
9.55000000 1.07030000
9.65000000 1.06150000
9.75000000 1.04330000
9.85000000 1.04390000
9.95000000 1.04020000
10.05000000 1.01880000
10.15000000 1.02530000
10.25000000 1.00440000
10.35000000 0.99940000
10.45000000 0.97490000
10.55000000 0.96810000
10.65000000 0.95800000
10.75000000 0.94360000
10.85000000 0.93660000
10.95000000 0.92530000
11.05000000 0.91950000
11.15000000 0.89450000
11.25000000 0.88370000
11.35000000 0.89150000
11.45000000 0.89250000
11.55000000 0.87960000
11.65000000 0.87700000
11.75000000 0.87300000
11.85000000 0.87810000
11.95000000 0.87590000
12.05000000 0.87180000
12.15000000 0.87320000
12.25000000 0.88480000
12.35000000 0.88130000
12.45000000 0.88100000
12.55000000 0.88350000
12.65000000 0.89410000
12.75000000 0.90000000
12.85000000 0.92160000
12.95000000 0.92990000
13.05000000 0.94040000
13.15000000 0.94830000
13.25000000 0.96010000
13.35000000 0.96400000
13.45000000 0.97960000
13.55000000 0.99010000
13.65000000 1.00430000
13.75000000 1.01650000
13.85000000 1.01980000
13.95000000 1.02390000
14.05000000 1.03340000
14.15000000 1.03390000
14.25000000 1.04150000
14.35000000 1.06200000
14.45000000 1.05950000
14.55000000 1.06420000
14.65000000 1.05560000
14.75000000 1.06120000
14.85000000 1.06750000
14.95000000 1.07080000
110
4.05000000 0.00300000
4.15000000 0.01970000
4.25000000 0.05400000
4.35000000 0.12370000
4.45000000 0.25730000
4.55000000 0.46380000
4.65000000 0.75490000
4.75000000 1.10170000
4.85000000 1.47500000
4.95000000 1.79580000
5.05000000 1.98280000
5.15000000 2.13530000
5.25000000 2.15700000
5.35000000 2.07980000
5.45000000 1.96200000
5.55000000 1.79520000
5.65000000 1.63380000
5.75000000 1.46020000
5.85000000 1.34190000
5.95000000 1.22400000
6.05000000 1.11300000
6.15000000 1.03370000
6.25000000 0.96600000
6.35000000 0.88950000
6.45000000 0.85910000
6.55000000 0.80950000
6.65000000 0.80750000
6.75000000 0.79500000
6.85000000 0.80370000
6.95000000 0.82250000
7.05000000 0.84260000
7.15000000 0.86360000
7.25000000 0.88900000
7.35000000 0.90080000
7.45000000 0.93210000
7.55000000 0.94780000
7.65000000 0.96230000
7.75000000 0.97800000
7.85000000 1.00700000
7.95000000 1.01250000
8.05000000 1.03020000
8.15000000 1.03950000
8.25000000 1.05020000
8.35000000 1.05980000
8.45000000 1.06020000
8.55000000 1.05220000
8.65000000 1.05820000
8.75000000 1.06340000
8.85000000 1.07580000
8.95000000 1.07540000
9.05000000 1.07880000
9.15000000 1.07340000
9.25000000 1.08000000
9.35000000 1.07740000
9.45000000 1.09180000
9.55000000 1.08530000
9.65000000 1.07210000
9.75000000 1.07530000
9.85000000 1.06440000
9.95000000 1.05490000
10.05000000 1.04790000
10.15000000 1.05780000
10.25000000 1.03330000
10.35000000 1.01660000
10.45000000 1.00360000
10.55000000 0.98370000
10.65000000 0.97030000
10.75000000 0.95660000
10.85000000 0.94940000
10.95000000 0.93060000
11.05000000 0.93170000
11.15000000 0.91030000
11.25000000 0.90070000
11.35000000 0.88610000
11.45000000 0.87870000
11.55000000 0.87430000
11.65000000 0.86820000
11.75000000 0.86570000
11.85000000 0.86230000
11.95000000 0.86830000
12.05000000 0.86320000
12.15000000 0.85380000
12.25000000 0.86390000
12.35000000 0.86490000
12.45000000 0.87240000
12.55000000 0.87570000
12.65000000 0.88510000
12.75000000 0.88880000
12.85000000 0.89210000
12.95000000 0.89960000
13.05000000 0.90580000
13.15000000 0.92160000
13.25000000 0.92580000
13.35000000 0.93490000
13.45000000 0.95360000
13.55000000 0.95340000
13.65000000 0.97220000
13.75000000 0.98900000
13.85000000 0.99840000
13.95000000 1.00670000
14.05000000 1.01290000
14.15000000 1.01840000
14.25000000 1.02790000
14.35000000 1.04190000
14.45000000 1.04420000
14.55000000 1.05740000
14.65000000 1.05850000
14.75000000 1.06670000
14.85000000 1.07200000
14.95000000 1.07550000
110
4.05000000 0.00220000
4.15000000 0.01780000
4.25000000 0.04950000
4.35000000 0.12500000
4.45000000 0.24520000
4.55000000 0.44140000
4.65000000 0.69440000
4.75000000 1.04250000
4.85000000 1.37620000
4.95000000 1.69910000
5.05000000 1.90980000
5.15000000 2.04350000
5.25000000 2.06770000
5.35000000 1.99860000
5.45000000 1.89910000
5.55000000 1.74960000
5.65000000 1.61380000
5.75000000 1.43170000
5.85000000 1.33360000
5.95000000 1.21000000
6.05000000 1.10380000
6.15000000 1.02060000
6.25000000 0.94910000
6.35000000 0.89890000
6.45000000 0.84410000
6.55000000 0.81280000
6.65000000 0.80170000
6.75000000 0.79040000
6.85000000 0.79270000
6.95000000 0.80290000
7.05000000 0.82820000
7.15000000 0.85770000
7.25000000 0.87650000
7.35000000 0.89130000
7.45000000 0.91310000
7.55000000 0.91930000
7.65000000 0.95640000
7.75000000 0.97230000
7.85000000 0.98700000
7.95000000 0.98700000
8.05000000 1.00350000
8.15000000 1.01750000
8.25000000 1.02690000
8.35000000 1.03780000
8.45000000 1.04500000
8.55000000 1.02960000
8.65000000 1.03320000
8.75000000 1.05110000
8.85000000 1.06180000
8.95000000 1.07670000
9.05000000 1.07860000
9.15000000 1.07320000
9.25000000 1.07640000
9.35000000 1.07950000
9.45000000 1.08740000
9.55000000 1.08890000
9.65000000 1.07780000
9.75000000 1.07350000
9.85000000 1.05830000
9.95000000 1.06530000
10.05000000 1.04420000
10.15000000 1.03860000
10.25000000 1.02270000
10.35000000 1.00960000
10.45000000 0.98730000
10.55000000 0.96940000
10.65000000 0.95720000
10.75000000 0.93940000
10.85000000 0.93290000
10.95000000 0.92280000
11.05000000 0.91350000
11.15000000 0.89860000
11.25000000 0.88500000
11.35000000 0.88700000
11.45000000 0.87220000
11.55000000 0.85950000
11.65000000 0.85780000
11.75000000 0.86120000
11.85000000 0.85490000
11.95000000 0.86200000
12.05000000 0.86470000
12.15000000 0.85730000
12.25000000 0.86750000
12.35000000 0.86230000
12.45000000 0.87080000
12.55000000 0.86950000
12.65000000 0.87760000
12.75000000 0.88050000
12.85000000 0.88390000
12.95000000 0.89780000
13.05000000 0.90880000
13.15000000 0.91360000
13.25000000 0.91870000
13.35000000 0.93090000
13.45000000 0.94360000
13.55000000 0.95460000
13.65000000 0.96590000
13.75000000 0.97920000
13.85000000 0.98670000
13.95000000 0.99520000
14.05000000 1.00640000
14.15000000 1.00650000
14.25000000 1.01690000
14.35000000 1.02780000
14.45000000 1.03140000
14.55000000 1.03780000
14.65000000 1.04980000
14.75000000 1.04980000
14.85000000 1.05430000
14.95000000 1.06040000
110
4.05000000 0.00190000
4.15000000 0.01560000
4.25000000 0.05040000
4.35000000 0.12650000
4.45000000 0.26680000
4.55000000 0.47980000
4.65000000 0.76500000
4.75000000 1.14430000
4.85000000 1.50430000
4.95000000 1.87430000
5.05000000 2.10390000
5.15000000 2.21660000
5.25000000 2.24530000
5.35000000 2.18460000
5.45000000 2.03750000
5.55000000 1.85650000
5.65000000 1.71140000
5.75000000 1.54250000
5.85000000 1.38470000
5.95000000 1.26860000
6.05000000 1.16710000
6.15000000 1.06910000
6.25000000 0.98480000
6.35000000 0.91260000
6.45000000 0.86260000
6.55000000 0.82280000
6.65000000 0.80510000
6.75000000 0.79580000
6.85000000 0.79060000
6.95000000 0.79710000
7.05000000 0.81320000
7.15000000 0.82470000
7.25000000 0.84270000
7.35000000 0.86050000
7.45000000 0.89540000
7.55000000 0.91140000
7.65000000 0.92560000
7.75000000 0.95350000
7.85000000 0.96910000
7.95000000 0.97700000
8.05000000 0.99530000
8.15000000 1.00210000
8.25000000 1.01720000
8.35000000 1.03550000
8.45000000 1.03510000
8.55000000 1.04740000
8.65000000 1.05800000
8.75000000 1.06880000
8.85000000 1.07630000
8.95000000 1.08100000
9.05000000 1.08470000
9.15000000 1.08340000
9.25000000 1.09350000
9.35000000 1.08690000
9.45000000 1.09290000
9.55000000 1.09080000
9.65000000 1.08590000
9.75000000 1.08640000
9.85000000 1.07300000
9.95000000 1.06910000
10.05000000 1.04430000
10.15000000 1.04450000
10.25000000 1.03690000
10.35000000 1.01890000
10.45000000 0.99540000
10.55000000 0.98390000
10.65000000 0.96360000
10.75000000 0.94670000
10.85000000 0.92950000
10.95000000 0.92160000
11.05000000 0.90320000
11.15000000 0.89530000
11.25000000 0.88830000
11.35000000 0.87090000
11.45000000 0.86240000
11.55000000 0.85880000
11.65000000 0.85030000
11.75000000 0.85380000
11.85000000 0.85000000
11.95000000 0.84720000
12.05000000 0.84740000
12.15000000 0.84790000
12.25000000 0.84810000
12.35000000 0.85350000
12.45000000 0.85510000
12.55000000 0.86360000
12.65000000 0.87420000
12.75000000 0.87380000
12.85000000 0.88670000
12.95000000 0.89750000
13.05000000 0.89960000
13.15000000 0.90870000
13.25000000 0.92520000
13.35000000 0.94140000
13.45000000 0.95300000
13.55000000 0.96630000
13.65000000 0.97920000
13.75000000 0.98770000
13.85000000 0.99440000
13.95000000 0.99510000
14.05000000 1.00250000
14.15000000 1.01090000
14.25000000 1.02060000
14.35000000 1.03530000
14.45000000 1.03970000
14.55000000 1.04210000
14.65000000 1.05120000
14.75000000 1.05720000
14.85000000 1.05780000
14.95000000 1.05970000
110
4.05000000 0.00290000
4.15000000 0.01760000
4.25000000 0.05250000
4.35000000 0.12760000
4.45000000 0.26930000
4.55000000 0.47930000
4.65000000 0.74070000
4.75000000 1.10850000
4.85000000 1.49280000
4.95000000 1.81750000
5.05000000 2.03860000
5.15000000 2.16690000
5.25000000 2.20600000
5.35000000 2.10790000
5.45000000 1.98210000
5.55000000 1.80620000
5.65000000 1.67650000
5.75000000 1.50170000
5.85000000 1.36810000
5.95000000 1.24260000
6.05000000 1.12500000
6.15000000 1.04030000
6.25000000 0.95740000
6.35000000 0.90860000
6.45000000 0.84630000
6.55000000 0.80340000
6.65000000 0.77080000
6.75000000 0.77940000
6.85000000 0.77720000
6.95000000 0.79180000
7.05000000 0.80240000
7.15000000 0.82540000
7.25000000 0.84790000
7.35000000 0.86850000
7.45000000 0.89490000
7.55000000 0.91170000
7.65000000 0.92450000
7.75000000 0.95640000
7.85000000 0.96660000
7.95000000 0.97860000
8.05000000 1.00040000
8.15000000 1.01250000
8.25000000 1.02160000
8.35000000 1.03970000
8.45000000 1.02980000
8.55000000 1.03610000
8.65000000 1.04580000
8.75000000 1.06840000
8.85000000 1.07690000
8.95000000 1.08710000
9.05000000 1.08820000
9.15000000 1.07300000
9.25000000 1.07720000
9.35000000 1.07650000
9.45000000 1.08130000
9.55000000 1.07350000
9.65000000 1.06770000
9.75000000 1.06430000
9.85000000 1.05560000
9.95000000 1.05510000
10.05000000 1.03620000
10.15000000 1.02360000
10.25000000 1.01360000
10.35000000 1.00380000
10.45000000 0.97420000
10.55000000 0.95680000
10.65000000 0.94740000
10.75000000 0.93470000
10.85000000 0.91880000
10.95000000 0.91420000
11.05000000 0.90230000
11.15000000 0.89260000
11.25000000 0.88600000
11.35000000 0.86810000
11.45000000 0.86360000
11.55000000 0.86050000
11.65000000 0.86200000
11.75000000 0.84850000
11.85000000 0.85540000
11.95000000 0.85760000
12.05000000 0.86290000
12.15000000 0.85470000
12.25000000 0.86090000
12.35000000 0.86660000
12.45000000 0.87010000
12.55000000 0.87690000
12.65000000 0.88900000
12.75000000 0.89080000
12.85000000 0.89900000
12.95000000 0.90670000
13.05000000 0.92470000
13.15000000 0.92830000
13.25000000 0.94210000
13.35000000 0.95380000
13.45000000 0.96590000
13.55000000 0.97760000
13.65000000 0.98880000
13.75000000 0.99800000
13.85000000 1.00320000
13.95000000 1.00810000
14.05000000 1.01150000
14.15000000 1.01240000
14.25000000 1.02340000
14.35000000 1.03860000
14.45000000 1.04380000
14.55000000 1.04480000
14.65000000 1.04830000
14.75000000 1.05520000
14.85000000 1.05230000
14.95000000 1.06160000
110
4.05000000 0.00300000
4.15000000 0.01490000
4.25000000 0.04890000
4.35000000 0.12220000
4.45000000 0.25210000
4.55000000 0.45060000
4.65000000 0.71300000
4.75000000 1.05350000
4.85000000 1.40720000
4.95000000 1.71230000
5.05000000 1.96110000
5.15000000 2.09520000
5.25000000 2.13860000
5.35000000 2.06620000
5.45000000 1.93600000
5.55000000 1.76230000
5.65000000 1.62540000
5.75000000 1.46970000
5.85000000 1.33560000
5.95000000 1.20610000
6.05000000 1.10490000
6.15000000 1.01750000
6.25000000 0.93970000
6.35000000 0.88060000
6.45000000 0.82930000
6.55000000 0.78980000
6.65000000 0.77300000
6.75000000 0.76800000
6.85000000 0.78120000
6.95000000 0.79390000
7.05000000 0.81230000
7.15000000 0.83620000
7.25000000 0.84410000
7.35000000 0.86090000
7.45000000 0.89100000
7.55000000 0.91610000
7.65000000 0.93310000
7.75000000 0.96100000
7.85000000 0.97010000
7.95000000 0.98570000
8.05000000 1.00460000
8.15000000 1.01460000
8.25000000 1.02840000
8.35000000 1.03380000
8.45000000 1.04470000
8.55000000 1.04710000
8.65000000 1.04740000
8.75000000 1.05170000
8.85000000 1.07340000
8.95000000 1.07090000
9.05000000 1.08660000
9.15000000 1.08080000
9.25000000 1.07980000
9.35000000 1.08780000
9.45000000 1.09920000
9.55000000 1.09070000
9.65000000 1.07300000
9.75000000 1.07330000
9.85000000 1.06540000
9.95000000 1.06570000
10.05000000 1.04980000
10.15000000 1.03660000
10.25000000 1.02500000
10.35000000 1.01320000
10.45000000 0.99070000
10.55000000 0.96790000
10.65000000 0.95750000
10.75000000 0.93750000
10.85000000 0.93490000
10.95000000 0.91730000
11.05000000 0.91230000
11.15000000 0.89480000
11.25000000 0.88810000
11.35000000 0.88110000
11.45000000 0.87240000
11.55000000 0.86560000
11.65000000 0.86470000
11.75000000 0.85430000
11.85000000 0.85730000
11.95000000 0.85610000
12.05000000 0.86110000
12.15000000 0.85160000
12.25000000 0.86260000
12.35000000 0.85820000
12.45000000 0.86750000
12.55000000 0.87300000
12.65000000 0.88480000
12.75000000 0.89370000
12.85000000 0.89870000
12.95000000 0.90320000
13.05000000 0.91220000
13.15000000 0.92310000
13.25000000 0.93480000
13.35000000 0.94420000
13.45000000 0.96340000
13.55000000 0.96530000
13.65000000 0.98000000
13.75000000 0.98850000
13.85000000 0.99550000
13.95000000 1.00570000
14.05000000 1.01300000
14.15000000 1.01270000
14.25000000 1.02980000
14.35000000 1.03510000
14.45000000 1.04190000
14.55000000 1.04020000
14.65000000 1.04870000
14.75000000 1.05280000
14.85000000 1.05680000
14.95000000 1.06450000
110
4.05000000 0.00250000
4.15000000 0.01730000
4.25000000 0.05130000
4.35000000 0.12680000
4.45000000 0.26810000
4.55000000 0.47360000
4.65000000 0.74440000
4.75000000 1.11830000
4.85000000 1.47640000
4.95000000 1.82440000
5.05000000 2.04360000
5.15000000 2.15580000
5.25000000 2.18040000
5.35000000 2.09170000
5.45000000 1.94920000
5.55000000 1.78280000
5.65000000 1.64050000
5.75000000 1.46720000
5.85000000 1.31830000
5.95000000 1.20360000
6.05000000 1.10450000
6.15000000 1.02640000
6.25000000 0.93500000
6.35000000 0.89830000
6.45000000 0.83080000
6.55000000 0.79580000
6.65000000 0.77860000
6.75000000 0.77090000
6.85000000 0.77110000
6.95000000 0.77900000
7.05000000 0.79440000
7.15000000 0.81290000
7.25000000 0.84160000
7.35000000 0.86010000
7.45000000 0.87910000
7.55000000 0.90610000
7.65000000 0.92230000
7.75000000 0.94400000
7.85000000 0.96480000
7.95000000 0.96640000
8.05000000 0.98420000
8.15000000 1.00920000
8.25000000 1.01010000
8.35000000 1.02160000
8.45000000 1.02510000
8.55000000 1.02640000
8.65000000 1.02770000
8.75000000 1.04580000
8.85000000 1.05780000
8.95000000 1.06270000
9.05000000 1.06270000
9.15000000 1.06740000
9.25000000 1.07160000
9.35000000 1.06800000
9.45000000 1.08050000
9.55000000 1.06880000
9.65000000 1.06880000
9.75000000 1.06600000
9.85000000 1.04980000
9.95000000 1.04520000
10.05000000 1.04260000
10.15000000 1.03110000
10.25000000 1.01880000
10.35000000 1.00450000
10.45000000 0.98190000
10.55000000 0.96770000
10.65000000 0.95670000
10.75000000 0.93750000
10.85000000 0.92110000
10.95000000 0.91380000
11.05000000 0.91080000
11.15000000 0.90080000
11.25000000 0.89610000
11.35000000 0.88280000
11.45000000 0.87360000
11.55000000 0.87350000
11.65000000 0.86940000
11.75000000 0.86510000
11.85000000 0.86240000
11.95000000 0.85880000
12.05000000 0.85960000
12.15000000 0.86400000
12.25000000 0.87150000
12.35000000 0.87100000
12.45000000 0.88490000
12.55000000 0.88690000
12.65000000 0.89580000
12.75000000 0.89930000
12.85000000 0.90300000
12.95000000 0.91810000
13.05000000 0.92580000
13.15000000 0.94050000
13.25000000 0.95100000
13.35000000 0.96730000
13.45000000 0.97300000
13.55000000 0.98080000
13.65000000 0.99830000
13.75000000 1.01140000
13.85000000 1.01780000
13.95000000 1.02560000
14.05000000 1.03460000
14.15000000 1.03460000
14.25000000 1.04430000
14.35000000 1.04870000
14.45000000 1.05860000
14.55000000 1.06400000
14.65000000 1.06810000
14.75000000 1.07310000
14.85000000 1.07230000
14.95000000 1.07780000
110
4.05000000 0.00220000
4.15000000 0.01800000
4.25000000 0.04910000
4.35000000 0.12210000
4.45000000 0.25670000
4.55000000 0.45440000
4.65000000 0.73100000
4.75000000 1.08180000
4.85000000 1.44990000
4.95000000 1.78220000
5.05000000 1.98950000
5.15000000 2.12060000
5.25000000 2.17410000
5.35000000 2.10800000
5.45000000 1.97260000
5.55000000 1.80370000
5.65000000 1.66180000
5.75000000 1.49960000
5.85000000 1.36040000
5.95000000 1.23350000
6.05000000 1.13470000
6.15000000 1.04640000
6.25000000 0.97600000
6.35000000 0.90540000
6.45000000 0.85490000
6.55000000 0.80910000
6.65000000 0.79000000
6.75000000 0.78300000
6.85000000 0.78980000
6.95000000 0.80860000
7.05000000 0.82470000
7.15000000 0.83990000
7.25000000 0.85210000
7.35000000 0.87150000
7.45000000 0.90060000
7.55000000 0.90730000
7.65000000 0.93050000
7.75000000 0.96120000
7.85000000 0.97080000
7.95000000 0.97350000
8.05000000 0.99530000
8.15000000 1.00690000
8.25000000 1.01530000
8.35000000 1.02130000
8.45000000 1.02600000
8.55000000 1.02880000
8.65000000 1.03210000
8.75000000 1.03310000
8.85000000 1.04250000
8.95000000 1.05220000
9.05000000 1.05710000
9.15000000 1.04980000
9.25000000 1.05510000
9.35000000 1.05960000
9.45000000 1.06490000
9.55000000 1.06160000
9.65000000 1.05860000
9.75000000 1.04970000
9.85000000 1.06020000
9.95000000 1.04580000
10.05000000 1.03560000
10.15000000 1.03260000
10.25000000 1.02050000
10.35000000 1.00850000
10.45000000 0.98930000
10.55000000 0.97380000
10.65000000 0.96510000
10.75000000 0.94860000
10.85000000 0.93830000
10.95000000 0.92650000
11.05000000 0.92360000
11.15000000 0.91210000
11.25000000 0.89490000
11.35000000 0.88760000
11.45000000 0.88410000
11.55000000 0.87170000
11.65000000 0.87480000
11.75000000 0.86490000
11.85000000 0.86410000
11.95000000 0.87000000
12.05000000 0.86270000
12.15000000 0.86180000
12.25000000 0.86900000
12.35000000 0.86390000
12.45000000 0.87220000
12.55000000 0.87850000
12.65000000 0.88720000
12.75000000 0.89000000
12.85000000 0.89590000
12.95000000 0.90680000
13.05000000 0.91090000
13.15000000 0.92350000
13.25000000 0.93120000
13.35000000 0.94380000
13.45000000 0.95300000
13.55000000 0.96820000
13.65000000 0.98470000
13.75000000 0.99580000
13.85000000 1.00860000
13.95000000 1.01410000
14.05000000 1.01830000
14.15000000 1.01810000
14.25000000 1.02910000
14.35000000 1.03710000
14.45000000 1.04580000
14.55000000 1.05350000
14.65000000 1.05700000
14.75000000 1.06070000
14.85000000 1.06460000
14.95000000 1.06700000
110
4.05000000 0.00300000
4.15000000 0.01690000
4.25000000 0.04990000
4.35000000 0.12150000
4.45000000 0.25390000
4.55000000 0.45000000
4.65000000 0.71580000
4.75000000 1.06020000
4.85000000 1.43470000
4.95000000 1.74670000
5.05000000 1.96180000
5.15000000 2.09170000
5.25000000 2.12780000
5.35000000 2.05860000
5.45000000 1.92870000
5.55000000 1.76670000
5.65000000 1.62700000
5.75000000 1.47360000
5.85000000 1.33540000
5.95000000 1.21580000
6.05000000 1.10850000
6.15000000 1.01910000
6.25000000 0.95020000
6.35000000 0.89460000
6.45000000 0.84560000
6.55000000 0.80460000
6.65000000 0.79310000
6.75000000 0.77940000
6.85000000 0.78610000
6.95000000 0.79640000
7.05000000 0.82770000
7.15000000 0.84420000
7.25000000 0.86780000
7.35000000 0.88950000
7.45000000 0.90670000
7.55000000 0.92720000
7.65000000 0.95300000
7.75000000 0.96630000
7.85000000 0.98180000
7.95000000 0.99560000
8.05000000 1.00960000
8.15000000 1.02310000
8.25000000 1.02820000
8.35000000 1.02910000
8.45000000 1.03700000
8.55000000 1.03900000
8.65000000 1.03880000
8.75000000 1.04820000
8.85000000 1.05680000
8.95000000 1.06410000
9.05000000 1.07380000
9.15000000 1.06210000
9.25000000 1.06490000
9.35000000 1.06030000
9.45000000 1.06730000
9.55000000 1.06870000
9.65000000 1.06290000
9.75000000 1.05400000
9.85000000 1.05220000
9.95000000 1.04900000
10.05000000 1.03490000
10.15000000 1.02260000
10.25000000 1.01730000
10.35000000 1.00630000
10.45000000 0.97890000
10.55000000 0.96190000
10.65000000 0.95080000
10.75000000 0.93680000
10.85000000 0.92600000
10.95000000 0.91890000
11.05000000 0.90180000
11.15000000 0.89660000
11.25000000 0.88490000
11.35000000 0.87910000
11.45000000 0.87260000
11.55000000 0.86660000
11.65000000 0.86380000
11.75000000 0.86280000
11.85000000 0.86840000
11.95000000 0.86550000
12.05000000 0.86660000
12.15000000 0.86410000
12.25000000 0.87220000
12.35000000 0.87170000
12.45000000 0.87800000
12.55000000 0.88300000
12.65000000 0.89170000
12.75000000 0.89440000
12.85000000 0.90090000
12.95000000 0.91290000
13.05000000 0.92420000
13.15000000 0.93260000
13.25000000 0.94260000
13.35000000 0.95750000
13.45000000 0.96730000
13.55000000 0.97710000
13.65000000 0.98740000
13.75000000 0.99870000
13.85000000 1.00700000
13.95000000 1.00930000
14.05000000 1.01550000
14.15000000 1.02010000
14.25000000 1.02840000
14.35000000 1.03790000
14.45000000 1.04470000
14.55000000 1.04910000
14.65000000 1.05460000
14.75000000 1.05900000
14.85000000 1.06430000
14.95000000 1.07170000
110
4.05000000 0.00280000
4.15000000 0.01540000
4.25000000 0.04710000
4.35000000 0.11820000
4.45000000 0.24660000
4.55000000 0.44220000
4.65000000 0.70300000
4.75000000 1.03850000
4.85000000 1.40590000
4.95000000 1.72240000
5.05000000 1.93580000
5.15000000 2.06550000
5.25000000 2.10110000
5.35000000 2.03600000
5.45000000 1.91270000
5.55000000 1.75000000
5.65000000 1.60340000
5.75000000 1.45100000
5.85000000 1.32160000
5.95000000 1.20460000
6.05000000 1.09520000
6.15000000 1.00190000
6.25000000 0.94130000
6.35000000 0.87620000
6.45000000 0.82860000
6.55000000 0.78820000
6.65000000 0.77400000
6.75000000 0.76530000
6.85000000 0.76570000
6.95000000 0.77970000
7.05000000 0.80790000
7.15000000 0.82410000
7.25000000 0.84240000
7.35000000 0.86560000
7.45000000 0.88360000
7.55000000 0.90630000
7.65000000 0.93070000
7.75000000 0.94840000
7.85000000 0.96150000
7.95000000 0.97680000
8.05000000 0.99150000
8.15000000 1.00390000
8.25000000 1.01720000
8.35000000 1.02320000
8.45000000 1.03030000
8.55000000 1.02860000
8.65000000 1.03550000
8.75000000 1.04470000
8.85000000 1.05760000
8.95000000 1.06450000
9.05000000 1.07570000
9.15000000 1.07200000
9.25000000 1.07220000
9.35000000 1.07180000
9.45000000 1.07920000
9.55000000 1.07770000
9.65000000 1.07040000
9.75000000 1.06260000
9.85000000 1.05690000
9.95000000 1.05270000
10.05000000 1.04140000
10.15000000 1.03310000
10.25000000 1.02530000
10.35000000 1.01410000
10.45000000 0.98870000
10.55000000 0.96840000
10.65000000 0.96130000
10.75000000 0.94390000
10.85000000 0.93100000
10.95000000 0.92270000
11.05000000 0.90980000
11.15000000 0.89820000
11.25000000 0.88750000
11.35000000 0.88260000
11.45000000 0.87390000
11.55000000 0.86840000
11.65000000 0.86450000
11.75000000 0.86200000
11.85000000 0.86430000
11.95000000 0.86450000
12.05000000 0.86270000
12.15000000 0.86160000
12.25000000 0.87120000
12.35000000 0.87090000
12.45000000 0.87560000
12.55000000 0.88090000
12.65000000 0.89240000
12.75000000 0.89710000
12.85000000 0.90160000
12.95000000 0.91620000
13.05000000 0.92890000
13.15000000 0.93770000
13.25000000 0.94850000
13.35000000 0.96040000
13.45000000 0.97000000
13.55000000 0.97630000
13.65000000 0.98980000
13.75000000 1.00030000
13.85000000 1.00810000
13.95000000 1.01330000
14.05000000 1.01780000
14.15000000 1.02420000
14.25000000 1.03170000
14.35000000 1.04100000
14.45000000 1.04350000
14.55000000 1.04740000
14.65000000 1.05370000
14.75000000 1.05800000
14.85000000 1.06120000
14.95000000 1.07060000
110
4.05000000 0.00290000
4.15000000 0.01560000
4.25000000 0.05050000
4.35000000 0.12170000
4.45000000 0.25810000
4.55000000 0.45900000
4.65000000 0.72660000
4.75000000 1.07690000
4.85000000 1.45820000
4.95000000 1.77490000
5.05000000 2.00820000
5.15000000 2.13490000
5.25000000 2.17160000
5.35000000 2.10120000
5.45000000 1.97750000
5.55000000 1.81280000
5.65000000 1.66290000
5.75000000 1.50530000
5.85000000 1.36690000
5.95000000 1.23730000
6.05000000 1.13830000
6.15000000 1.04590000
6.25000000 0.97400000
6.35000000 0.91110000
6.45000000 0.86180000
6.55000000 0.81800000
6.65000000 0.80090000
6.75000000 0.79040000
6.85000000 0.79500000
6.95000000 0.80420000
7.05000000 0.82930000
7.15000000 0.84560000
7.25000000 0.87240000
7.35000000 0.88970000
7.45000000 0.91110000
7.55000000 0.92830000
7.65000000 0.95860000
7.75000000 0.97450000
7.85000000 0.99280000
7.95000000 1.00190000
8.05000000 1.01790000
8.15000000 1.03060000
8.25000000 1.04090000
8.35000000 1.04140000
8.45000000 1.04810000
8.55000000 1.04970000
8.65000000 1.05270000
8.75000000 1.06740000
8.85000000 1.07740000
8.95000000 1.08260000
9.05000000 1.08980000
9.15000000 1.08040000
9.25000000 1.08160000
9.35000000 1.08220000
9.45000000 1.08790000
9.55000000 1.08720000
9.65000000 1.07850000
9.75000000 1.07130000
9.85000000 1.06730000
9.95000000 1.06190000
10.05000000 1.05060000
10.15000000 1.03800000
10.25000000 1.02690000
10.35000000 1.01410000
10.45000000 0.99160000
10.55000000 0.97320000
10.65000000 0.96220000
10.75000000 0.94340000
10.85000000 0.93080000
10.95000000 0.91980000
11.05000000 0.90900000
11.15000000 0.89730000
11.25000000 0.88890000
11.35000000 0.88040000
11.45000000 0.87060000
11.55000000 0.86330000
11.65000000 0.86070000
11.75000000 0.85690000
11.85000000 0.85830000
11.95000000 0.85830000
12.05000000 0.85660000
12.15000000 0.85690000
12.25000000 0.86200000
12.35000000 0.86250000
12.45000000 0.86490000
12.55000000 0.87070000
12.65000000 0.88200000
12.75000000 0.88350000
12.85000000 0.88970000
12.95000000 0.90140000
13.05000000 0.91380000
13.15000000 0.92150000
13.25000000 0.93340000
13.35000000 0.94460000
13.45000000 0.95370000
13.55000000 0.96570000
13.65000000 0.97570000
13.75000000 0.98680000
13.85000000 0.99550000
13.95000000 1.00020000
14.05000000 1.00530000
14.15000000 1.01040000
14.25000000 1.02160000
14.35000000 1.03100000
14.45000000 1.03520000
14.55000000 1.03770000
14.65000000 1.04600000
14.75000000 1.04960000
14.85000000 1.05260000
14.95000000 1.06150000
110
4.05000000 0.00270000
4.15000000 0.01590000
4.25000000 0.05120000
4.35000000 0.12380000
4.45000000 0.25940000
4.55000000 0.46720000
4.65000000 0.73140000
4.75000000 1.08600000
4.85000000 1.46340000
4.95000000 1.78340000
5.05000000 2.00460000
5.15000000 2.13420000
5.25000000 2.16780000
5.35000000 2.09980000
5.45000000 1.96250000
5.55000000 1.79580000
5.65000000 1.65050000
5.75000000 1.49220000
5.85000000 1.35260000
5.95000000 1.22560000
6.05000000 1.12290000
6.15000000 1.02820000
6.25000000 0.95470000
6.35000000 0.89800000
6.45000000 0.84790000
6.55000000 0.80220000
6.65000000 0.78870000
6.75000000 0.77800000
6.85000000 0.78000000
6.95000000 0.78980000
7.05000000 0.81600000
7.15000000 0.83600000
7.25000000 0.85190000
7.35000000 0.87330000
7.45000000 0.89650000
7.55000000 0.91650000
7.65000000 0.93430000
7.75000000 0.95650000
7.85000000 0.97390000
7.95000000 0.98720000
8.05000000 1.00200000
8.15000000 1.01420000
8.25000000 1.02090000
8.35000000 1.02390000
8.45000000 1.02740000
8.55000000 1.03440000
8.65000000 1.03630000
8.75000000 1.04500000
8.85000000 1.05640000
8.95000000 1.06080000
9.05000000 1.06970000
9.15000000 1.06380000
9.25000000 1.07080000
9.35000000 1.06920000
9.45000000 1.07850000
9.55000000 1.07930000
9.65000000 1.07040000
9.75000000 1.06390000
9.85000000 1.06150000
9.95000000 1.05480000
10.05000000 1.04730000
10.15000000 1.03440000
10.25000000 1.03090000
10.35000000 1.01540000
10.45000000 0.99190000
10.55000000 0.97370000
10.65000000 0.96410000
10.75000000 0.94480000
10.85000000 0.92940000
10.95000000 0.91880000
11.05000000 0.90980000
11.15000000 0.89790000
11.25000000 0.88870000
11.35000000 0.88200000
11.45000000 0.87360000
11.55000000 0.86530000
11.65000000 0.86740000
11.75000000 0.86340000
11.85000000 0.86450000
11.95000000 0.86220000
12.05000000 0.86530000
12.15000000 0.86210000
12.25000000 0.86760000
12.35000000 0.86650000
12.45000000 0.87160000
12.55000000 0.87810000
12.65000000 0.88740000
12.75000000 0.88980000
12.85000000 0.89610000
12.95000000 0.90930000
13.05000000 0.92090000
13.15000000 0.93110000
13.25000000 0.93850000
13.35000000 0.94830000
13.45000000 0.95970000
13.55000000 0.96780000
13.65000000 0.98210000
13.75000000 0.98940000
13.85000000 1.00010000
13.95000000 1.00390000
14.05000000 1.00540000
14.15000000 1.01360000
14.25000000 1.02310000
14.35000000 1.03320000
14.45000000 1.03780000
14.55000000 1.04280000
14.65000000 1.05050000
14.75000000 1.05380000
14.85000000 1.05580000
14.95000000 1.06180000
110
4.05000000 0.00240000
4.15000000 0.01730000
4.25000000 0.05220000
4.35000000 0.12680000
4.45000000 0.26410000
4.55000000 0.47600000
4.65000000 0.74770000
4.75000000 1.10020000
4.85000000 1.47320000
4.95000000 1.80290000
5.05000000 2.01830000
5.15000000 2.15240000
5.25000000 2.17830000
5.35000000 2.11450000
5.45000000 1.97830000
5.55000000 1.82510000
5.65000000 1.67380000
5.75000000 1.51460000
5.85000000 1.37760000
5.95000000 1.25160000
6.05000000 1.14650000
6.15000000 1.05700000
6.25000000 0.98180000
6.35000000 0.91560000
6.45000000 0.87050000
6.55000000 0.82440000
6.65000000 0.81170000
6.75000000 0.79790000
6.85000000 0.80650000
6.95000000 0.81650000
7.05000000 0.83880000
7.15000000 0.86010000
7.25000000 0.87510000
7.35000000 0.89850000
7.45000000 0.91830000
7.55000000 0.93700000
7.65000000 0.95890000
7.75000000 0.97950000
7.85000000 0.98950000
7.95000000 1.00510000
8.05000000 1.02070000
8.15000000 1.03110000
8.25000000 1.03670000
8.35000000 1.04110000
8.45000000 1.05250000
8.55000000 1.05010000
8.65000000 1.04890000
8.75000000 1.05730000
8.85000000 1.07110000
8.95000000 1.07230000
9.05000000 1.07720000
9.15000000 1.07360000
9.25000000 1.07250000
9.35000000 1.06980000
9.45000000 1.07600000
9.55000000 1.07350000
9.65000000 1.06830000
9.75000000 1.05940000
9.85000000 1.06030000
9.95000000 1.05050000
10.05000000 1.03640000
10.15000000 1.02760000
10.25000000 1.02110000
10.35000000 1.00840000
10.45000000 0.98110000
10.55000000 0.96690000
10.65000000 0.95700000
10.75000000 0.94010000
10.85000000 0.93040000
10.95000000 0.92360000
11.05000000 0.91240000
11.15000000 0.90290000
11.25000000 0.89320000
11.35000000 0.88870000
11.45000000 0.88060000
11.55000000 0.87650000
11.65000000 0.87140000
11.75000000 0.87050000
11.85000000 0.87040000
11.95000000 0.87180000
12.05000000 0.87020000
12.15000000 0.86970000
12.25000000 0.87640000
12.35000000 0.88010000
12.45000000 0.88270000
12.55000000 0.88780000
12.65000000 0.89790000
12.75000000 0.90090000
12.85000000 0.90680000
12.95000000 0.91550000
13.05000000 0.92890000
13.15000000 0.93680000
13.25000000 0.94830000
13.35000000 0.96240000
13.45000000 0.97020000
13.55000000 0.97950000
13.65000000 0.99340000
13.75000000 1.00240000
13.85000000 1.00920000
13.95000000 1.01230000
14.05000000 1.01470000
14.15000000 1.02240000
14.25000000 1.02980000
14.35000000 1.04120000
14.45000000 1.04400000
14.55000000 1.04660000
14.65000000 1.05250000
14.75000000 1.05350000
14.85000000 1.05830000
14.95000000 1.06320000
110
4.05000000 0.00270000
4.15000000 0.01690000
4.25000000 0.05170000
4.35000000 0.12450000
4.45000000 0.26250000
4.55000000 0.46270000
4.65000000 0.74270000
4.75000000 1.09990000
4.85000000 1.46460000
4.95000000 1.78930000
5.05000000 2.01320000
5.15000000 2.13750000
5.25000000 2.17860000
5.35000000 2.10320000
5.45000000 1.97280000
5.55000000 1.80420000
5.65000000 1.66290000
5.75000000 1.50910000
5.85000000 1.37000000
5.95000000 1.24760000
6.05000000 1.14120000
6.15000000 1.04770000
6.25000000 0.97630000
6.35000000 0.91630000
6.45000000 0.86060000
6.55000000 0.81560000
6.65000000 0.80370000
6.75000000 0.79220000
6.85000000 0.79510000
6.95000000 0.80700000
7.05000000 0.82470000
7.15000000 0.84620000
7.25000000 0.86450000
7.35000000 0.88160000
7.45000000 0.90420000
7.55000000 0.92300000
7.65000000 0.94710000
7.75000000 0.96120000
7.85000000 0.97890000
7.95000000 0.98860000
8.05000000 1.00290000
8.15000000 1.01370000
8.25000000 1.02410000
8.35000000 1.02280000
8.45000000 1.02980000
8.55000000 1.03420000
8.65000000 1.03430000
8.75000000 1.04100000
8.85000000 1.05480000
8.95000000 1.05850000
9.05000000 1.06910000
9.15000000 1.06130000
9.25000000 1.06740000
9.35000000 1.07310000
9.45000000 1.07690000
9.55000000 1.07560000
9.65000000 1.06910000
9.75000000 1.06240000
9.85000000 1.05870000
9.95000000 1.05700000
10.05000000 1.04410000
10.15000000 1.03160000
10.25000000 1.02520000
10.35000000 1.01300000
10.45000000 0.98950000
10.55000000 0.97390000
10.65000000 0.96280000
10.75000000 0.94450000
10.85000000 0.93440000
10.95000000 0.92920000
11.05000000 0.92100000
11.15000000 0.91240000
11.25000000 0.90300000
11.35000000 0.89340000
11.45000000 0.88510000
11.55000000 0.87940000
11.65000000 0.87480000
11.75000000 0.87400000
11.85000000 0.87630000
11.95000000 0.87420000
12.05000000 0.87070000
12.15000000 0.86990000
12.25000000 0.87470000
12.35000000 0.87480000
12.45000000 0.87940000
12.55000000 0.88470000
12.65000000 0.89310000
12.75000000 0.89720000
12.85000000 0.90060000
12.95000000 0.91210000
13.05000000 0.92390000
13.15000000 0.93250000
13.25000000 0.94070000
13.35000000 0.95180000
13.45000000 0.96320000
13.55000000 0.97260000
13.65000000 0.98520000
13.75000000 0.99400000
13.85000000 1.00250000
13.95000000 1.00920000
14.05000000 1.01470000
14.15000000 1.01990000
14.25000000 1.02990000
14.35000000 1.03970000
14.45000000 1.04520000
14.55000000 1.04910000
14.65000000 1.05680000
14.75000000 1.06180000
14.85000000 1.06440000
14.95000000 1.06980000
110
4.05000000 0.00260000
4.15000000 0.01690000
4.25000000 0.05130000
4.35000000 0.12430000
4.45000000 0.26500000
4.55000000 0.46850000
4.65000000 0.74660000
4.75000000 1.09910000
4.85000000 1.47330000
4.95000000 1.80920000
5.05000000 2.04020000
5.15000000 2.16660000
5.25000000 2.20220000
5.35000000 2.13550000
5.45000000 2.00280000
5.55000000 1.82390000
5.65000000 1.67330000
5.75000000 1.51730000
5.85000000 1.37160000
5.95000000 1.24060000
6.05000000 1.13730000
6.15000000 1.04840000
6.25000000 0.97320000
6.35000000 0.90760000
6.45000000 0.85570000
6.55000000 0.81530000
6.65000000 0.79680000
6.75000000 0.78570000
6.85000000 0.78920000
6.95000000 0.79570000
7.05000000 0.82520000
7.15000000 0.83920000
7.25000000 0.85770000
7.35000000 0.87340000
7.45000000 0.89710000
7.55000000 0.91660000
7.65000000 0.93780000
7.75000000 0.96260000
7.85000000 0.97760000
7.95000000 0.98480000
8.05000000 1.00130000
8.15000000 1.01440000
8.25000000 1.02020000
8.35000000 1.02410000
8.45000000 1.02970000
8.55000000 1.03340000
8.65000000 1.03100000
8.75000000 1.04170000
8.85000000 1.05320000
8.95000000 1.05870000
9.05000000 1.06830000
9.15000000 1.06280000
9.25000000 1.05970000
9.35000000 1.06310000
9.45000000 1.07120000
9.55000000 1.07040000
9.65000000 1.06230000
9.75000000 1.05750000
9.85000000 1.05520000
9.95000000 1.05610000
10.05000000 1.04120000
10.15000000 1.02980000
10.25000000 1.02500000
10.35000000 1.01130000
10.45000000 0.99030000
10.55000000 0.97720000
10.65000000 0.96360000
10.75000000 0.94990000
10.85000000 0.93810000
10.95000000 0.93160000
11.05000000 0.92220000
11.15000000 0.91440000
11.25000000 0.90370000
11.35000000 0.89570000
11.45000000 0.88980000
11.55000000 0.88630000
11.65000000 0.88210000
11.75000000 0.87700000
11.85000000 0.87670000
11.95000000 0.87550000
12.05000000 0.87470000
12.15000000 0.87350000
12.25000000 0.87500000
12.35000000 0.87890000
12.45000000 0.88020000
12.55000000 0.88800000
12.65000000 0.89730000
12.75000000 0.90310000
12.85000000 0.90560000
12.95000000 0.91630000
13.05000000 0.92820000
13.15000000 0.93280000
13.25000000 0.94430000
13.35000000 0.95850000
13.45000000 0.96800000
13.55000000 0.97640000
13.65000000 0.99150000
13.75000000 0.99910000
13.85000000 1.01000000
13.95000000 1.01260000
14.05000000 1.01860000
14.15000000 1.02350000
14.25000000 1.03250000
14.35000000 1.04000000
14.45000000 1.04360000
14.55000000 1.05030000
14.65000000 1.05390000
14.75000000 1.06020000
14.85000000 1.06290000
14.95000000 1.06850000
110
4.05000000 0.00220000
4.15000000 0.01640000
4.25000000 0.05010000
4.35000000 0.12190000
4.45000000 0.25560000
4.55000000 0.45430000
4.65000000 0.72700000
4.75000000 1.07150000
4.85000000 1.44040000
4.95000000 1.76470000
5.05000000 1.98710000
5.15000000 2.10980000
5.25000000 2.14690000
5.35000000 2.08380000
5.45000000 1.94230000
5.55000000 1.79110000
5.65000000 1.63650000
5.75000000 1.48820000
5.85000000 1.35000000
5.95000000 1.22480000
6.05000000 1.12590000
6.15000000 1.03640000
6.25000000 0.96570000
6.35000000 0.90800000
6.45000000 0.85640000
6.55000000 0.81020000
6.65000000 0.78940000
6.75000000 0.78690000
6.85000000 0.78470000
6.95000000 0.79850000
7.05000000 0.82400000
7.15000000 0.83320000
7.25000000 0.85630000
7.35000000 0.87530000
7.45000000 0.90010000
7.55000000 0.91790000
7.65000000 0.93780000
7.75000000 0.95750000
7.85000000 0.97330000
7.95000000 0.98040000
8.05000000 0.99790000
8.15000000 1.01080000
8.25000000 1.01620000
8.35000000 1.02290000
8.45000000 1.02850000
8.55000000 1.03130000
8.65000000 1.03380000
8.75000000 1.04410000
8.85000000 1.05440000
8.95000000 1.06050000
9.05000000 1.06600000
9.15000000 1.06200000
9.25000000 1.06250000
9.35000000 1.05960000
9.45000000 1.06820000
9.55000000 1.07060000
9.65000000 1.06390000
9.75000000 1.05720000
9.85000000 1.05450000
9.95000000 1.05250000
10.05000000 1.03650000
10.15000000 1.02870000
10.25000000 1.02510000
10.35000000 1.00910000
10.45000000 0.98630000
10.55000000 0.97330000
10.65000000 0.96490000
10.75000000 0.94880000
10.85000000 0.93770000
10.95000000 0.92930000
11.05000000 0.92240000
11.15000000 0.91140000
11.25000000 0.90460000
11.35000000 0.90140000
11.45000000 0.89280000
11.55000000 0.88850000
11.65000000 0.88460000
11.75000000 0.88160000
11.85000000 0.88340000
11.95000000 0.88320000
12.05000000 0.88280000
12.15000000 0.88130000
12.25000000 0.88420000
12.35000000 0.88700000
12.45000000 0.89190000
12.55000000 0.89720000
12.65000000 0.90580000
12.75000000 0.90750000
12.85000000 0.91320000
12.95000000 0.92460000
13.05000000 0.93460000
13.15000000 0.94300000
13.25000000 0.95060000
13.35000000 0.96420000
13.45000000 0.97420000
13.55000000 0.98430000
13.65000000 0.99570000
13.75000000 1.00610000
13.85000000 1.01500000
13.95000000 1.01860000
14.05000000 1.02360000
14.15000000 1.02570000
14.25000000 1.03590000
14.35000000 1.04610000
14.45000000 1.04900000
14.55000000 1.05330000
14.65000000 1.05940000
14.75000000 1.06360000
14.85000000 1.06620000
14.95000000 1.07310000
110
4.05000000 0.00240000
4.15000000 0.01630000
4.25000000 0.05070000
4.35000000 0.12950000
4.45000000 0.26260000
4.55000000 0.46370000
4.65000000 0.74910000
4.75000000 1.09860000
4.85000000 1.47530000
4.95000000 1.80320000
5.05000000 2.02440000
5.15000000 2.15930000
5.25000000 2.18460000
5.35000000 2.10820000
5.45000000 1.97440000
5.55000000 1.81390000
5.65000000 1.65880000
5.75000000 1.49310000
5.85000000 1.35270000
5.95000000 1.23520000
6.05000000 1.12610000
6.15000000 1.02990000
6.25000000 0.95410000
6.35000000 0.89510000
6.45000000 0.84460000
6.55000000 0.80340000
6.65000000 0.78540000
6.75000000 0.77680000
6.85000000 0.77950000
6.95000000 0.78820000
7.05000000 0.81170000
7.15000000 0.82900000
7.25000000 0.84460000
7.35000000 0.86560000
7.45000000 0.88990000
7.55000000 0.90870000
7.65000000 0.93260000
7.75000000 0.95210000
7.85000000 0.97110000
7.95000000 0.97630000
8.05000000 0.99350000
8.15000000 1.01570000
8.25000000 1.02140000
8.35000000 1.02960000
8.45000000 1.03420000
8.55000000 1.03720000
8.65000000 1.03890000
8.75000000 1.05110000
8.85000000 1.06540000
8.95000000 1.06970000
9.05000000 1.07950000
9.15000000 1.07450000
9.25000000 1.07740000
9.35000000 1.08260000
9.45000000 1.08850000
9.55000000 1.08810000
9.65000000 1.08230000
9.75000000 1.07490000
9.85000000 1.07050000
9.95000000 1.06860000
10.05000000 1.05730000
10.15000000 1.04850000
10.25000000 1.04140000
10.35000000 1.02900000
10.45000000 1.00520000
10.55000000 0.98690000
10.65000000 0.97550000
10.75000000 0.95880000
10.85000000 0.94140000
10.95000000 0.93320000
11.05000000 0.92240000
11.15000000 0.91190000
11.25000000 0.90040000
11.35000000 0.89340000
11.45000000 0.88280000
11.55000000 0.87540000
11.65000000 0.87300000
11.75000000 0.86640000
11.85000000 0.86980000
11.95000000 0.86920000
12.05000000 0.86900000
12.15000000 0.87000000
12.25000000 0.87690000
12.35000000 0.87820000
12.45000000 0.88390000
12.55000000 0.88580000
12.65000000 0.89810000
12.75000000 0.90050000
12.85000000 0.90430000
12.95000000 0.91730000
13.05000000 0.92990000
13.15000000 0.93970000
13.25000000 0.94840000
13.35000000 0.96460000
13.45000000 0.97410000
13.55000000 0.98280000
13.65000000 0.99610000
13.75000000 1.00620000
13.85000000 1.01600000
13.95000000 1.01890000
14.05000000 1.02260000
14.15000000 1.03020000
14.25000000 1.03660000
14.35000000 1.04680000
14.45000000 1.05230000
14.55000000 1.05490000
14.65000000 1.06180000
14.75000000 1.06320000
14.85000000 1.06720000
14.95000000 1.07040000
110
4.05000000 0.00280000
4.15000000 0.01640000
4.25000000 0.05120000
4.35000000 0.12700000
4.45000000 0.25890000
4.55000000 0.46770000
4.65000000 0.73660000
4.75000000 1.09400000
4.85000000 1.46640000
4.95000000 1.80040000
5.05000000 2.01250000
5.15000000 2.14120000
5.25000000 2.18210000
5.35000000 2.10930000
5.45000000 1.98210000
5.55000000 1.80320000
5.65000000 1.66270000
5.75000000 1.50670000
5.85000000 1.36710000
5.95000000 1.24390000
6.05000000 1.14030000
6.15000000 1.05080000
6.25000000 0.97500000
6.35000000 0.91250000
6.45000000 0.85430000
6.55000000 0.81600000
6.65000000 0.79560000
6.75000000 0.78980000
6.85000000 0.78980000
6.95000000 0.80000000
7.05000000 0.82340000
7.15000000 0.84010000
7.25000000 0.85970000
7.35000000 0.87890000
7.45000000 0.90310000
7.55000000 0.91930000
7.65000000 0.93840000
7.75000000 0.96250000
7.85000000 0.97560000
7.95000000 0.98510000
8.05000000 1.00280000
8.15000000 1.01710000
8.25000000 1.01990000
8.35000000 1.02710000
8.45000000 1.03150000
8.55000000 1.03110000
8.65000000 1.03900000
8.75000000 1.04560000
8.85000000 1.05960000
8.95000000 1.06230000
9.05000000 1.06960000
9.15000000 1.06700000
9.25000000 1.06970000
9.35000000 1.06960000
9.45000000 1.07840000
9.55000000 1.07730000
9.65000000 1.07020000
9.75000000 1.06370000
9.85000000 1.06040000
9.95000000 1.05330000
10.05000000 1.04230000
10.15000000 1.03210000
10.25000000 1.02700000
10.35000000 1.00780000
10.45000000 0.98660000
10.55000000 0.97120000
10.65000000 0.95900000
10.75000000 0.94120000
10.85000000 0.92770000
10.95000000 0.91880000
11.05000000 0.91040000
11.15000000 0.90050000
11.25000000 0.89150000
11.35000000 0.88330000
11.45000000 0.87430000
11.55000000 0.86760000
11.65000000 0.86530000
11.75000000 0.86050000
11.85000000 0.86200000
11.95000000 0.86160000
12.05000000 0.86280000
12.15000000 0.86320000
12.25000000 0.86700000
12.35000000 0.87100000
12.45000000 0.87780000
12.55000000 0.88420000
12.65000000 0.89680000
12.75000000 0.89750000
12.85000000 0.90490000
12.95000000 0.91530000
13.05000000 0.92610000
13.15000000 0.93780000
13.25000000 0.94660000
13.35000000 0.96180000
13.45000000 0.97190000
13.55000000 0.98180000
13.65000000 0.99360000
13.75000000 1.00680000
13.85000000 1.01290000
13.95000000 1.02110000
14.05000000 1.02530000
14.15000000 1.03200000
14.25000000 1.04050000
14.35000000 1.05050000
14.45000000 1.05640000
14.55000000 1.05950000
14.65000000 1.06400000
14.75000000 1.07000000
14.85000000 1.07170000
14.95000000 1.07670000
