  3
200
0.05000000 51783.30861621
0.15000000 51535.54158934
0.25000000 51287.77456247
0.35000000 51040.00753560
0.45000000 50792.24050873
0.55000000 50544.47348186
0.65000000 50296.70645498
0.75000000 50048.93942811
0.85000000 49801.17240124
0.95000000 49553.40537437
1.05000000 49305.63834750
1.15000000 49057.87132062
1.25000000 48810.10429375
1.35000000 48562.33726688
1.45000000 48314.57024001
1.55000000 48066.80321314
1.65000000 47819.03618627
1.75000000 47571.26915939
1.85000000 47323.50213252
1.95000000 47075.73510565
2.05000000 46827.96807878
2.15000000 46580.20105191
2.25000000 46332.43402503
2.35000000 46084.66699816
2.45000000 45836.89997129
2.55000000 45589.13294442
2.65000000 45341.36591755
2.75000000 45093.59889067
2.85000000 44845.83186380
2.95000000 44598.06483693
3.05000000 44350.29781006
3.15000000 44102.53078319
3.25000000 43854.76375632
3.35000000 43606.99672944
3.45000000 43359.22970257
3.55000000 43111.46267570
3.65000000 42863.69564883
3.75000000 42615.92862196
3.85000000 42368.16159508
3.95000000 42120.39456821
4.05000000 21.50641955
4.15000000 18.19358468
4.25000000 15.05848374
4.35000000 12.63950323
4.45000000 10.71793713
4.55000000 9.09062349
4.65000000 7.70251041
4.75000000 6.52531782
4.85000000 5.57560616
4.95000000 4.82298600
5.05000000 4.24210989
5.15000000 3.81623440
5.25000000 3.53494213
5.35000000 3.38162559
5.45000000 3.30588011
5.55000000 3.26110342
5.65000000 3.23932747
5.75000000 3.23481828
5.85000000 3.24342918
5.95000000 3.23846431
6.05000000 3.21991225
6.15000000 3.21084345
6.25000000 3.18927980
6.35000000 3.16517290
6.45000000 3.13619018
6.55000000 3.10329538
6.65000000 3.00796189
6.75000000 2.84534487
6.85000000 2.64798969
6.95000000 2.39753414
7.05000000 2.17996953
7.15000000 1.96304784
7.25000000 1.81634913
7.35000000 1.71528157
7.45000000 1.66539930
7.55000000 1.59864310
7.65000000 1.56314158
7.75000000 1.51721355
7.85000000 1.47064552
7.95000000 1.43334256
8.05000000 1.42199903
8.15000000 1.41008533
8.25000000 1.41192322
8.35000000 1.41303354
8.45000000 1.41689332
8.55000000 1.42671187
8.65000000 1.44840935
8.75000000 1.47756141
8.85000000 1.51225161
8.95000000 1.54912183
9.05000000 1.59405193
9.15000000 1.63255780
9.25000000 1.66801093
9.35000000 1.69476601
9.45000000 1.71449047
9.55000000 1.74318202
9.65000000 1.75540557
9.75000000 1.78022758
9.85000000 1.78426191
9.95000000 1.80775298
10.05000000 1.80672853
10.15000000 1.83074601
10.25000000 1.83192088
10.35000000 1.83441525
10.45000000 1.83299368
10.55000000 1.84974940
10.65000000 1.84340200
10.75000000 1.83577091
10.85000000 1.83269778
10.95000000 1.82999580
11.05000000 1.80503587
11.15000000 1.76595695
11.25000000 1.72918847
11.35000000 1.70289296
11.45000000 1.67076461
11.55000000 1.62570440
11.65000000 1.58924637
11.75000000 1.55931288
11.85000000 1.50798257
11.95000000 1.46553920
12.05000000 1.42492344
12.15000000 1.39057494
12.25000000 1.34569741
12.35000000 1.30489655
12.45000000 1.25007325
12.55000000 1.22154818
12.65000000 1.17327262
12.75000000 1.13642237
12.85000000 1.08947128
12.95000000 1.05861734
13.05000000 1.01171817
13.15000000 0.99087559
13.25000000 0.94014914
13.35000000 0.89314237
13.45000000 0.85428310
13.55000000 0.82832184
13.65000000 0.78712012
13.75000000 0.75096737
13.85000000 0.73415706
13.95000000 0.71752345
14.05000000 0.70081760
14.15000000 0.68355280
14.25000000 0.65978168
14.35000000 0.62909581
14.45000000 0.60475185
14.55000000 0.58328432
14.65000000 0.56741559
14.75000000 0.53405100
14.85000000 0.51400936
14.95000000 0.50989808
15.05000000 0.50888688
15.15000000 0.50415124
15.25000000 0.51116454
15.35000000 0.52084278
15.45000000 0.51555901
15.55000000 0.49571550
15.65000000 0.47095127
15.75000000 0.43891222
15.85000000 0.39920095
15.95000000 0.37084072
16.05000000 0.35339327
16.15000000 0.34128447
16.25000000 0.33258436
16.35000000 0.33938567
16.45000000 0.34115408
16.55000000 0.34368149
16.65000000 0.33357916
16.75000000 0.33272872
16.85000000 0.30966610
16.95000000 0.28606575
17.05000000 0.24945712
17.15000000 0.23079197
17.25000000 0.20913523
17.35000000 0.19974146
17.45000000 0.18577368
17.55000000 0.18462347
17.65000000 0.18271114
17.75000000 0.17897530
17.85000000 0.16796668
17.95000000 0.16690377
18.05000000 0.16362637
18.15000000 0.15278196
18.25000000 0.14124876
18.35000000 0.14178192
18.45000000 0.13660684
18.55000000 0.13566131
18.65000000 0.12990470
18.75000000 0.12603540
18.85000000 0.12459493
18.95000000 0.12431070
19.05000000 0.12799715
19.15000000 0.11877916
19.25000000 0.11138518
19.35000000 0.10290212
19.45000000 0.10581713
19.55000000 0.09725070
19.65000000 0.09151909
19.75000000 0.07891339
19.85000000 0.06480412
19.95000000 0.07004526
200
0.05000000 51783.30861621
0.15000000 51535.54158934
0.25000000 51287.77456247
0.35000000 51040.00753560
0.45000000 50792.24050873
0.55000000 50544.47348186
0.65000000 50296.70645498
0.75000000 50048.93942811
0.85000000 49801.17240124
0.95000000 49553.40537437
1.05000000 49305.63834750
1.15000000 49057.87132062
1.25000000 48810.10429375
1.35000000 48562.33726688
1.45000000 48314.57024001
1.55000000 48066.80321314
1.65000000 47819.03618627
1.75000000 47571.26915939
1.85000000 47323.50213252
1.95000000 47075.73510565
2.05000000 46827.96807878
2.15000000 46580.20105191
2.25000000 46332.43402503
2.35000000 46084.66699816
2.45000000 45836.89997129
2.55000000 45589.13294442
2.65000000 45341.36591755
2.75000000 45093.59889067
2.85000000 44845.83186380
2.95000000 44598.06483693
3.05000000 44350.29781006
3.15000000 44102.53078319
3.25000000 43854.76375632
3.35000000 43606.99672944
3.45000000 43359.22970257
3.55000000 43111.46267570
3.65000000 42863.69564883
3.75000000 42615.92862196
3.85000000 42368.16159508
3.95000000 42120.39456821
4.05000000 25.19018770
4.15000000 21.67305476
4.25000000 18.48600725
4.35000000 15.98277571
4.45000000 13.96955242
4.55000000 12.24501619
4.65000000 10.76577022
4.75000000 9.50119944
4.85000000 8.47542270
4.95000000 7.64498878
5.05000000 6.98538674
5.15000000 6.48664555
5.25000000 6.14067634
5.35000000 5.91560594
5.45000000 5.77842398
5.55000000 5.67423027
5.65000000 5.59039299
5.75000000 5.53580219
5.85000000 5.49003303
5.95000000 5.42630835
6.05000000 5.34714461
6.15000000 5.28829736
6.25000000 5.20783777
6.35000000 5.13764927
6.45000000 5.05593889
6.55000000 4.97913563
6.65000000 4.83056047
6.75000000 4.62308962
6.85000000 4.39177750
6.95000000 4.10575661
7.05000000 3.84596589
7.15000000 3.58749371
7.25000000 3.39911424
7.35000000 3.25770387
7.45000000 3.16934246
7.55000000 3.06792644
7.65000000 2.99363578
7.75000000 2.91577858
7.85000000 2.83344608
7.95000000 2.75910286
8.05000000 2.71582927
8.15000000 2.67151147
8.25000000 2.64359696
8.35000000 2.61706609
8.45000000 2.59170789
8.55000000 2.56863808
8.65000000 2.56020701
8.75000000 2.55907129
8.85000000 2.56816296
8.95000000 2.57262615
9.05000000 2.59299148
9.15000000 2.60747229
9.25000000 2.61822547
9.35000000 2.61618821
9.45000000 2.61427131
9.55000000 2.61748875
9.65000000 2.60969230
9.75000000 2.61105211
9.85000000 2.59606092
9.95000000 2.60056446
10.05000000 2.57802455
10.15000000 2.58363160
10.25000000 2.56412628
10.35000000 2.54961412
10.45000000 2.53492271
10.55000000 2.53348664
10.65000000 2.51145136
10.75000000 2.48785731
10.85000000 2.47479542
10.95000000 2.45765788
11.05000000 2.41641951
11.15000000 2.36310014
11.25000000 2.30635191
11.35000000 2.26961868
11.45000000 2.22252156
11.55000000 2.16268806
11.65000000 2.11235659
11.75000000 2.07164538
11.85000000 2.01128042
11.95000000 1.94978516
12.05000000 1.89081631
12.15000000 1.84317675
12.25000000 1.78650416
12.35000000 1.73540933
12.45000000 1.67105717
12.55000000 1.62622936
12.65000000 1.57008985
12.75000000 1.52394424
12.85000000 1.46511962
12.95000000 1.42214664
13.05000000 1.36727105
13.15000000 1.33373461
13.25000000 1.27371786
13.35000000 1.21633736
13.45000000 1.16588729
13.55000000 1.13318781
13.65000000 1.07916856
13.75000000 1.03942050
13.85000000 1.01293503
13.95000000 0.98270748
14.05000000 0.95711114
14.15000000 0.93062597
14.25000000 0.89684607
14.35000000 0.86069305
14.45000000 0.83188899
14.55000000 0.80935191
14.65000000 0.78777715
14.75000000 0.75223119
14.85000000 0.72797784
14.95000000 0.72302081
15.05000000 0.71704055
15.15000000 0.70734375
15.25000000 0.70647223
15.35000000 0.70962761
15.45000000 0.69855879
15.55000000 0.67546260
15.65000000 0.64367193
15.75000000 0.60295329
15.85000000 0.55712415
15.95000000 0.52408242
16.05000000 0.50045626
16.15000000 0.48038753
16.25000000 0.46465610
16.35000000 0.46587561
16.45000000 0.46381698
16.55000000 0.45942079
16.65000000 0.44486090
16.75000000 0.43650464
16.85000000 0.41058350
16.95000000 0.38470938
17.05000000 0.34169617
17.15000000 0.31742375
17.25000000 0.29199092
17.35000000 0.27745462
17.45000000 0.25759128
17.55000000 0.25170407
17.65000000 0.24632372
17.75000000 0.23774676
17.85000000 0.22300118
17.95000000 0.21620634
18.05000000 0.20898575
18.15000000 0.19516703
18.25000000 0.18017282
18.35000000 0.17817712
18.45000000 0.16901251
18.55000000 0.16509119
18.65000000 0.15691185
18.75000000 0.15112593
18.85000000 0.14491078
18.95000000 0.14074990
19.05000000 0.14213698
19.15000000 0.13262103
19.25000000 0.12171030
19.35000000 0.11350014
19.45000000 0.11282754
19.55000000 0.10268544
19.65000000 0.09554166
19.75000000 0.08341201
19.85000000 0.06772110
19.95000000 0.07265641
200
0.05000000 51939.45129208
0.15000000 51587.58914796
0.25000000 51319.00309764
0.35000000 51062.31363215
0.45000000 50809.58969494
0.55000000 50558.66827058
0.65000000 50308.71743005
0.75000000 50059.34893983
0.85000000 49810.35726453
0.95000000 49561.62340994
1.05000000 49313.07371302
1.15000000 49064.66013261
1.25000000 48816.35000078
1.35000000 48568.12032895
1.45000000 48319.95447021
1.55000000 48071.84007365
1.65000000 47823.76778251
1.75000000 47575.73037870
1.85000000 47327.72220484
1.95000000 47079.73876401
2.05000000 46831.77643673
2.15000000 46583.83227693
2.25000000 46335.90386227
2.35000000 46087.98918275
2.45000000 45840.08655651
2.55000000 45592.19456552
2.65000000 45344.31200577
2.75000000 45096.43784841
2.85000000 44848.57120899
2.95000000 44600.71132296
3.05000000 44352.85752606
3.15000000 44105.00923836
3.25000000 43857.16595133
3.35000000 43609.32721714
3.45000000 43361.49263990
3.55000000 43113.66186832
3.65000000 42865.83458960
3.75000000 42618.01052430
3.85000000 42370.18942204
3.95000000 42122.37105778
4.05000000 23.43410691
4.15000000 20.07482174
4.25000000 16.89545640
4.35000000 14.43424663
4.45000000 12.47234922
4.55000000 10.80647707
4.65000000 9.38146391
4.75000000 8.16892493
4.85000000 7.18532447
4.95000000 6.40018475
5.05000000 5.78807698
5.15000000 5.33218271
5.25000000 5.02201523
5.35000000 4.84090293
5.45000000 4.73838172
5.55000000 4.66779419
5.65000000 4.62112106
5.75000000 4.59258068
5.85000000 4.57798197
5.95000000 4.55058764
6.05000000 4.51034759
6.15000000 4.48029610
6.25000000 4.43842121
6.35000000 4.39464279
6.45000000 4.34659852
6.55000000 4.29522420
6.65000000 4.18196697
6.75000000 4.00195728
6.85000000 3.78771725
6.95000000 3.52086274
7.05000000 3.28736439
7.15000000 3.05495466
7.25000000 2.89319517
7.35000000 2.77747664
7.45000000 2.71333672
7.55000000 2.63270056
7.65000000 2.58368195
7.75000000 2.52458565
7.85000000 2.46518486
7.95000000 2.41537197
8.05000000 2.39182931
8.15000000 2.36801586
8.25000000 2.35824247
8.35000000 2.34801962
8.45000000 2.34081448
8.55000000 2.33982693
8.65000000 2.35096817
8.75000000 2.36980527
8.85000000 2.39441362
8.95000000 2.42142728
9.05000000 2.45671865
9.15000000 2.48579647
9.25000000 2.51202539
9.35000000 2.52975358
9.45000000 2.54064219
9.55000000 2.56068294
9.65000000 2.56443498
9.75000000 2.58095925
9.85000000 2.57686433
9.95000000 2.59238954
10.05000000 2.58355776
10.15000000 2.59992175
10.25000000 2.59359247
10.35000000 2.58872769
10.45000000 2.58008782
10.55000000 2.58976208
10.65000000 2.57646621
10.75000000 2.56201591
10.85000000 2.55224928
10.95000000 2.54297606
11.05000000 2.51156382
11.15000000 2.46614832
11.25000000 2.42315592
11.35000000 2.39074616
11.45000000 2.35261036
11.55000000 2.30164672
11.65000000 2.25938661
11.75000000 2.22374980
11.85000000 2.16681243
11.95000000 2.11885584
12.05000000 2.07281836
12.15000000 2.03313739
12.25000000 1.98301445
12.35000000 1.93705313
12.45000000 1.87715227
12.55000000 1.84363055
12.65000000 1.79043735
12.75000000 1.74874659
12.85000000 1.69703033
12.95000000 1.66148481
13.05000000 1.60996597
13.15000000 1.58457398
13.25000000 1.52936678
13.35000000 1.47794640
13.45000000 1.43473914
13.55000000 1.40449408
13.65000000 1.35907131
13.75000000 1.31875892
13.85000000 1.29784903
13.95000000 1.27717462
14.05000000 1.25648549
14.15000000 1.23529370
14.25000000 1.20765072
14.35000000 1.17314695
14.45000000 1.14503793
14.55000000 1.11985709
14.65000000 1.10032575
14.75000000 1.06334821
14.85000000 1.03974228
14.95000000 1.03211439
15.05000000 1.02763331
15.15000000 1.01947360
15.25000000 1.02310774
15.35000000 1.02945084
15.45000000 1.02087511
15.55000000 0.99778198
15.65000000 0.96980966
15.75000000 0.93460325
15.85000000 0.89176460
15.95000000 0.86031619
16.05000000 0.83981905
16.15000000 0.82469833
16.25000000 0.81302336
16.35000000 0.81688621
16.45000000 0.81575188
16.55000000 0.81541163
16.65000000 0.80247608
16.75000000 0.79882626
16.85000000 0.77299748
16.95000000 0.74666361
17.05000000 0.70735353
17.15000000 0.68601843
17.25000000 0.66172270
17.35000000 0.64972035
17.45000000 0.63317390
17.55000000 0.62947440
17.65000000 0.62504167
17.75000000 0.61881382
17.85000000 0.60534112
17.95000000 0.60184159
18.05000000 0.59615456
18.15000000 0.58292707
18.25000000 0.56903691
18.35000000 0.56723880
18.45000000 0.55975772
18.55000000 0.55653106
18.65000000 0.54851777
18.75000000 0.54241587
18.85000000 0.53876648
18.95000000 0.53629665
19.05000000 0.53782045
19.15000000 0.52646239
19.25000000 0.51695057
19.35000000 0.50637157
19.45000000 0.50721218
19.55000000 0.49659258
19.65000000 0.48882870
19.75000000 0.47421130
19.85000000 0.45811061
19.95000000 0.46138029
