         0          0
     0.002          0
     0.004          0
     0.006          0
     0.008          0
      0.01          0
     0.012          0
     0.014          0
     0.016          0
     0.018          0
      0.02          0
     0.022          0
     0.024          0
     0.026          0
     0.028          0
      0.03          0
     0.032          0
     0.034          0
     0.036          0
     0.038          0
      0.04          0
     0.042          0
     0.044          0
     0.046          0
     0.048          0
      0.05          0
     0.052          0
     0.054          0
     0.056          0
     0.058          0
      0.06          0
     0.062          0
     0.064          0
     0.066          0
     0.068          0
      0.07          0
     0.072          0
     0.074          0
     0.076          0
     0.078          0
      0.08          0
     0.082          0
     0.084          0
     0.086          0
     0.088          0
      0.09          0
     0.092          0
     0.094          0
     0.096          0
     0.098          0
       0.1          0
     0.102          0
     0.104          0
     0.106          0
     0.108          0
      0.11          0
     0.112          0
     0.114          0
     0.116          0
     0.118          0
      0.12          0
     0.122          0
     0.124          0
     0.126          0
     0.128          0
      0.13          0
     0.132          0
     0.134          0
     0.136          0
     0.138          0
      0.14          0
     0.142          0
     0.144          0
     0.146          0
     0.148          0
      0.15 2.66688e-05
     0.152 7.79149e-05
     0.154 0.000581936
     0.156 0.00152872
     0.158 0.00463906
      0.16  0.0109931
     0.162   0.022933
     0.164  0.0466279
     0.166  0.0824209
     0.168   0.131495
      0.17   0.195028
     0.172   0.266781
     0.174   0.342697
     0.176   0.426059
     0.178    0.48926
      0.18   0.541657
     0.182   0.583241
     0.184   0.603227
     0.186   0.602844
     0.188   0.593871
      0.19    0.56458
     0.192   0.537274
     0.194   0.498889
     0.196   0.445291
     0.198    0.40461
       0.2     0.3632
     0.202   0.320849
     0.204   0.284555
     0.206   0.245233
     0.208   0.213177
      0.21   0.185308
     0.212   0.159092
     0.214   0.137698
     0.216   0.124522
     0.218   0.105644
      0.22  0.0909872
     0.222  0.0794329
     0.224  0.0694218
     0.226  0.0614668
     0.228  0.0547832
      0.23  0.0496154
     0.232  0.0445045
     0.234   0.041654
     0.236  0.0378803
     0.238  0.0347467
      0.24  0.0336801
     0.242  0.0340683
     0.244  0.0357096
     0.246  0.0404954
     0.248  0.0502157
      0.25  0.0690399
     0.252  0.0926765
     0.254   0.128435
     0.256   0.176642
     0.258   0.227576
      0.26    0.29787
     0.262   0.364661
     0.264   0.433889
     0.266   0.509846
     0.268   0.581732
      0.27   0.648248
     0.272   0.704148
     0.274    0.75638
     0.276   0.793464
     0.278    0.82962
      0.28   0.855346
     0.282   0.877014
     0.284   0.895217
     0.286   0.909756
     0.288   0.922676
      0.29   0.942934
     0.292   0.958741
     0.294   0.970933
     0.296   0.981582
     0.298   0.991545
       0.3    1.00074
     0.302    1.00663
     0.304    1.01437
     0.306    1.01211
     0.308     1.0062
      0.31    0.99738
     0.312   0.996487
     0.314   0.986302
     0.316   0.964464
     0.318   0.957852
      0.32   0.939589
     0.322   0.918176
     0.324   0.901355
     0.326   0.884178
     0.328   0.862954
      0.33   0.842727
     0.332   0.824703
     0.334   0.807504
     0.336   0.788964
     0.338   0.773196
      0.34   0.758121
     0.342   0.742974
     0.344   0.729005
     0.346   0.718861
     0.348   0.702623
      0.35   0.694228
     0.352   0.682271
     0.354   0.676068
     0.356   0.665431
     0.358   0.657597
      0.36   0.649039
     0.362   0.641804
     0.364   0.638025
     0.366   0.630799
     0.368   0.624249
      0.37   0.617539
     0.372   0.611912
     0.374   0.609463
     0.376   0.607338
     0.378   0.596017
      0.38   0.593301
     0.382   0.586855
     0.384   0.582307
     0.386   0.575632
     0.388   0.574147
      0.39   0.569423
     0.392   0.561595
     0.394   0.560494
     0.396   0.554068
     0.398   0.550662
       0.4   0.545754
     0.402   0.542913
     0.404   0.539049
     0.406   0.536428
     0.408   0.531358
      0.41   0.527159
     0.412   0.527019
     0.414   0.524975
     0.416   0.520598
     0.418   0.517883
      0.42   0.516294
     0.422   0.514125
     0.424   0.512446
     0.426   0.511656
     0.428   0.507502
      0.43   0.507193
     0.432   0.506453
     0.434   0.503636
     0.436   0.502294
     0.438   0.500117
      0.44   0.499678
     0.442   0.497641
     0.444   0.495485
     0.446   0.494632
     0.448   0.494064
      0.45   0.492481
     0.452   0.491816
     0.454   0.488256
     0.456   0.487425
     0.458   0.485032
      0.46   0.484296
     0.462   0.484827
     0.464   0.481347
     0.466   0.481356
     0.468   0.479808
      0.47   0.479289
     0.472     0.4776
     0.474   0.476809
     0.476    0.47564
     0.478   0.474717
      0.48   0.473264
     0.482   0.472631
     0.484   0.471744
     0.486   0.469643
     0.488   0.471394
      0.49    0.46877
     0.492   0.468108
     0.494   0.467849
     0.496   0.468712
     0.498   0.469527
       0.5   0.468259
     0.502   0.469768
     0.504   0.467641
     0.506   0.467148
     0.508   0.469117
      0.51   0.468718
     0.512   0.470287
     0.514   0.471429
     0.516   0.471466
     0.518   0.471711
      0.52   0.475447
     0.522   0.477372
     0.524   0.475845
     0.526   0.477982
     0.528   0.480052
      0.53   0.480732
     0.532   0.483732
     0.534   0.486047
     0.536   0.486367
     0.538   0.487395
      0.54   0.491736
     0.542   0.492477
     0.544   0.495082
     0.546   0.497264
     0.548   0.500361
      0.55   0.502025
     0.552    0.50414
     0.554   0.505952
     0.556   0.511025
     0.558   0.514599
      0.56   0.518022
     0.562   0.520272
     0.564    0.52272
     0.566   0.524132
     0.568   0.528863
      0.57    0.53021
     0.572   0.533174
     0.574   0.537505
     0.576   0.539366
     0.578   0.541565
      0.58   0.544932
     0.582   0.548043
     0.584     0.5513
     0.586   0.552504
     0.588    0.55763
      0.59   0.560085
     0.592   0.560942
     0.594   0.563235
     0.596   0.568765
     0.598   0.571526
       0.6   0.574145
     0.602   0.577364
     0.604   0.579702
     0.606   0.584864
     0.608   0.588823
      0.61   0.589879
     0.612    0.59127
     0.614   0.596829
     0.616   0.598802
     0.618   0.600185
      0.62   0.604157
     0.622    0.60835
     0.624   0.610209
     0.626   0.610775
     0.628   0.616661
      0.63   0.618053
     0.632   0.621708
     0.634    0.62553
     0.636   0.628107
     0.638   0.631429
      0.64   0.635382
     0.642   0.638866
     0.644   0.639714
     0.646   0.642847
     0.648   0.647098
      0.65   0.648327
     0.652   0.651643
     0.654   0.655094
     0.656   0.655647
     0.658   0.660932
      0.66   0.661333
     0.662   0.666545
     0.664   0.667042
     0.666   0.668559
     0.668   0.669761
      0.67   0.673101
     0.672   0.676221
     0.674   0.676769
     0.676   0.680447
     0.678   0.681886
      0.68   0.682643
     0.682   0.685449
     0.684   0.687739
     0.686   0.689193
     0.688   0.689143
      0.69   0.692567
     0.692   0.693475
     0.694    0.69623
     0.696   0.695748
     0.698   0.697362
       0.7   0.698217
     0.702   0.700012
     0.704   0.700528
     0.706   0.702101
     0.708   0.705226
      0.71   0.706998
     0.712   0.707278
     0.714    0.70831
     0.716   0.709434
     0.718   0.710854
      0.72   0.711315
     0.722   0.712549
     0.724    0.71349
     0.726   0.714684
     0.728   0.718096
      0.73   0.717392
     0.732   0.719303
     0.734   0.718377
     0.736   0.720707
     0.738   0.720043
      0.74   0.723842
     0.742   0.721687
     0.744   0.725937
     0.746   0.725074
     0.748   0.725452
      0.75   0.726567
     0.752    0.72879
     0.754   0.728581
     0.756   0.727512
     0.758    0.72909
      0.76   0.731857
     0.762   0.733258
     0.764   0.733444
     0.766   0.733925
     0.768   0.734357
      0.77   0.737203
     0.772    0.73599
     0.774   0.738335
     0.776   0.739434
     0.778   0.740005
      0.78    0.74144
     0.782   0.740335
     0.784    0.74295
     0.786   0.743405
     0.788   0.743239
      0.79   0.744245
     0.792   0.744701
     0.794   0.744861
     0.796   0.746033
     0.798   0.748528
       0.8   0.747636
     0.802   0.748171
     0.804   0.749617
     0.806   0.749629
     0.808   0.750161
      0.81   0.752395
     0.812   0.752276
     0.814   0.753597
     0.816   0.754044
     0.818   0.755889
      0.82   0.755102
     0.822   0.756971
     0.824   0.755832
     0.826   0.758368
     0.828   0.757095
      0.83   0.757426
     0.832   0.759385
     0.834   0.758955
     0.836    0.75992
     0.838   0.762115
      0.84    0.76108
     0.842   0.763984
     0.844    0.76444
     0.846   0.766332
     0.848   0.764812
      0.85   0.766646
     0.852   0.767164
     0.854   0.768469
     0.856   0.767199
     0.858   0.768459
      0.86   0.768478
     0.862   0.769294
     0.864   0.770332
     0.866    0.77242
     0.868   0.771597
      0.87   0.771996
     0.872   0.772291
     0.874   0.773699
     0.876   0.773742
     0.878   0.774197
      0.88   0.776408
     0.882   0.775568
     0.884   0.775964
     0.886   0.777103
     0.888   0.778276
      0.89   0.779805
     0.892   0.781105
     0.894   0.780488
     0.896     0.7817
     0.898   0.781864
       0.9    0.78202
     0.902   0.784082
     0.904   0.784133
     0.906   0.784755
     0.908   0.784263
      0.91   0.787106
     0.912    0.78644
     0.914   0.786477
     0.916   0.788973
     0.918   0.790778
      0.92   0.788701
     0.922   0.789854
     0.924   0.790766
     0.926    0.79178
     0.928   0.791931
      0.93   0.792658
     0.932   0.793515
     0.934   0.794671
     0.936   0.794708
     0.938   0.796227
      0.94   0.796595
     0.942   0.796465
     0.944   0.796389
     0.946   0.797227
     0.948   0.799446
      0.95   0.799029
     0.952   0.799035
     0.954   0.800237
     0.956   0.802126
     0.958   0.800278
      0.96   0.802035
     0.962   0.803095
     0.964    0.80398
     0.966   0.806177
     0.968   0.804246
      0.97   0.805889
     0.972   0.806689
     0.974   0.807238
     0.976   0.807881
     0.978   0.809395
      0.98   0.810667
     0.982   0.810675
     0.984   0.811044
     0.986   0.811576
     0.988   0.812938
      0.99   0.813047
     0.992   0.814514
     0.994   0.814509
     0.996   0.813367
     0.998   0.816308
         1   0.817681
     1.002   0.818157
     1.004   0.817749
     1.006   0.817922
     1.008   0.817996
      1.01   0.820277
     1.012   0.820894
     1.014   0.821108
     1.016   0.822912
     1.018   0.822664
      1.02   0.824072
     1.022   0.824663
     1.024   0.824959
     1.026   0.825111
     1.028   0.825236
      1.03   0.826297
     1.032    0.82688
     1.034   0.828028
     1.036   0.829144
     1.038   0.830006
      1.04   0.829584
     1.042   0.831983
     1.044   0.831898
     1.046    0.83306
     1.048    0.83163
      1.05     0.8341
     1.052    0.83431
     1.054   0.833173
     1.056   0.836088
     1.058   0.835822
      1.06   0.836122
     1.062   0.838331
     1.064   0.837777
     1.066   0.838144
     1.068    0.83862
      1.07   0.839288
     1.072   0.838979
     1.074   0.841497
     1.076   0.841548
     1.078   0.842102
      1.08   0.843306
     1.082   0.843704
     1.084   0.844911
     1.086   0.845263
     1.088     0.8458
      1.09   0.846069
     1.092   0.846757
     1.094   0.847932
     1.096   0.849006
     1.098   0.848599
       1.1   0.849641
     1.102   0.849773
     1.104     0.8514
     1.106    0.85127
     1.108    0.85128
      1.11   0.851304
     1.112   0.853725
     1.114   0.854741
     1.116   0.853835
     1.118   0.854563
      1.12   0.855928
     1.122   0.855997
     1.124   0.857486
     1.126   0.857849
     1.128   0.857529
      1.13   0.858383
     1.132   0.860403
     1.134   0.858891
     1.136   0.860016
     1.138   0.861491
      1.14   0.860745
     1.142   0.861773
     1.144   0.862902
     1.146   0.861997
     1.148   0.863814
      1.15    0.86344
     1.152   0.864722
     1.154   0.864299
     1.156   0.866546
     1.158   0.865706
      1.16   0.866974
     1.162   0.867566
     1.164   0.868735
     1.166   0.867624
     1.168   0.868453
      1.17   0.869983
     1.172   0.869638
     1.174   0.870242
     1.176   0.870637
     1.178   0.871818
      1.18   0.871563
     1.182   0.872498
     1.184   0.873073
     1.186   0.872961
     1.188   0.873686
      1.19   0.874198
     1.192   0.875297
     1.194   0.874654
     1.196    0.87465
     1.198   0.876473
       1.2   0.875749
     1.202   0.876646
     1.204   0.877549
     1.206   0.878364
     1.208   0.878168
      1.21   0.878541
     1.212   0.879119
     1.214   0.879468
     1.216   0.880174
     1.218   0.880869
      1.22   0.880254
     1.222   0.881472
     1.224   0.880637
     1.226   0.882262
     1.228   0.881502
      1.23   0.881294
     1.232   0.882582
     1.234   0.882817
     1.236   0.883928
     1.238   0.883736
      1.24   0.884202
     1.242   0.884794
     1.244   0.885328
     1.246    0.88517
     1.248   0.885381
      1.25   0.886399
     1.252   0.886392
     1.254   0.886379
     1.256   0.886559
     1.258   0.887705
      1.26   0.887758
     1.262    0.88781
     1.264   0.888601
     1.266   0.888469
     1.268   0.889552
      1.27   0.889533
     1.272   0.889553
     1.274   0.889346
     1.276   0.889788
     1.278   0.890304
      1.28   0.890568
     1.282   0.890648
     1.284   0.891937
     1.286   0.892063
     1.288   0.892035
      1.29   0.892293
     1.292   0.892201
     1.294   0.893681
     1.296   0.893623
     1.298   0.892715
       1.3   0.894222
     1.302   0.893579
     1.304   0.894777
     1.306   0.894259
     1.308   0.894355
      1.31   0.894538
     1.312   0.895789
     1.314   0.895117
     1.316   0.895712
     1.318   0.896718
      1.32   0.897553
     1.322   0.896313
     1.324   0.897416
     1.326   0.897199
     1.328   0.896913
      1.33   0.897124
     1.332   0.899004
     1.334   0.899303
     1.336   0.898923
     1.338   0.899386
      1.34   0.900452
     1.342   0.900161
     1.344   0.900432
     1.346   0.901106
     1.348   0.901186
      1.35   0.900968
     1.352    0.90141
     1.354   0.901458
     1.356   0.901607
     1.358   0.903023
      1.36   0.902816
     1.362    0.90244
     1.364   0.903496
     1.366   0.903331
     1.368   0.906078
      1.37   0.903936
     1.372   0.905837
     1.374   0.906138
     1.376   0.905428
     1.378   0.905562
      1.38   0.905341
     1.382   0.906023
     1.384   0.907024
     1.386   0.907229
     1.388   0.907578
      1.39   0.907472
     1.392   0.907936
     1.394   0.908366
     1.396   0.909084
     1.398   0.909765
       1.4   0.909971
     1.402   0.909725
     1.404    0.91022
     1.406   0.911186
     1.408   0.912249
      1.41   0.912803
     1.412   0.912527
     1.414   0.912645
     1.416   0.912671
     1.418   0.913616
      1.42   0.913664
     1.422    0.91398
     1.424   0.914961
     1.426   0.914365
     1.428   0.916259
      1.43    0.91604
     1.432   0.916113
     1.434   0.917042
     1.436   0.917132
     1.438   0.916571
      1.44   0.918025
     1.442   0.918212
     1.444   0.918247
     1.446   0.919409
     1.448   0.920355
      1.45   0.919084
     1.452   0.920732
     1.454   0.920307
     1.456   0.921163
     1.458   0.921404
      1.46   0.922533
     1.462   0.922244
     1.464   0.923002
     1.466    0.92358
     1.468   0.923161
      1.47   0.924621
     1.472   0.925062
     1.474   0.925231
     1.476   0.925298
     1.478   0.926212
      1.48    0.92629
     1.482   0.926188
     1.484   0.928218
     1.486   0.927798
     1.488   0.929266
      1.49   0.928807
     1.492   0.930001
     1.494   0.930557
     1.496   0.929407
     1.498   0.930552
       1.5   0.931122
     1.502   0.930767
     1.504   0.931827
     1.506   0.931505
     1.508   0.933367
      1.51   0.933278
     1.512   0.933786
     1.514   0.934097
     1.516   0.934407
     1.518   0.935231
      1.52   0.936163
     1.522   0.936612
     1.524   0.937808
     1.526   0.935955
     1.528   0.937069
      1.53   0.937617
     1.532   0.938588
     1.534   0.939026
     1.536   0.938629
     1.538   0.940018
      1.54   0.940041
     1.542   0.941236
     1.544   0.941547
     1.546   0.942036
     1.548   0.943284
      1.55   0.943617
     1.552   0.942703
     1.554   0.943786
     1.556   0.944346
     1.558   0.945238
      1.56   0.945309
     1.562   0.945545
     1.564    0.94587
     1.566   0.946256
     1.568   0.947538
      1.57   0.947459
     1.572   0.948618
     1.574   0.949521
     1.576   0.949603
     1.578   0.950344
      1.58   0.949681
     1.582   0.950328
     1.584   0.952112
     1.586   0.951853
     1.588    0.95342
      1.59   0.953084
     1.592    0.95281
     1.594   0.953289
     1.596   0.954204
     1.598   0.953527
       1.6   0.954656
     1.602   0.955598
     1.604   0.956026
     1.606   0.956432
     1.608   0.956856
      1.61   0.957398
     1.612   0.958025
     1.614   0.958514
     1.616   0.958566
     1.618    0.95977
      1.62    0.95965
     1.622   0.960361
     1.624    0.96031
     1.626   0.961205
     1.628   0.961538
      1.63    0.96253
     1.632    0.96196
     1.634   0.962591
     1.636   0.962858
     1.638   0.963719
      1.64   0.964582
     1.642   0.965454
     1.644   0.965172
     1.646   0.965115
     1.648   0.965641
      1.65   0.966112
     1.652   0.966408
     1.654   0.967193
     1.656   0.966683
     1.658   0.968047
      1.66   0.968396
     1.662   0.968478
     1.664   0.968716
     1.666   0.969355
     1.668    0.96886
      1.67   0.969988
     1.672   0.970019
     1.674   0.970732
     1.676   0.971223
     1.678   0.971586
      1.68   0.971795
     1.682   0.971465
     1.684   0.972138
     1.686   0.971621
     1.688   0.973108
      1.69   0.973712
     1.692   0.973282
     1.694   0.974418
     1.696   0.974608
     1.698   0.974526
       1.7   0.975015
     1.702     0.9749
     1.704   0.975473
     1.706    0.97579
     1.708   0.976727
      1.71   0.976928
     1.712   0.977005
     1.714   0.977997
     1.716   0.977723
     1.718   0.977635
      1.72   0.978488
     1.722    0.97845
     1.724   0.978941
     1.726   0.979689
     1.728   0.979742
      1.73   0.980324
     1.732   0.980433
     1.734   0.980601
     1.736   0.981672
     1.738    0.98135
      1.74   0.982048
     1.742   0.981844
     1.744   0.984152
     1.746   0.983008
     1.748   0.981893
      1.75   0.983696
     1.752    0.98341
     1.754   0.983815
     1.756   0.984846
     1.758   0.984279
      1.76   0.984494
     1.762   0.985699
     1.764   0.985995
     1.766    0.98616
     1.768   0.986716
      1.77   0.987547
     1.772   0.987265
     1.774   0.986884
     1.776   0.987792
     1.778   0.988474
      1.78   0.988589
     1.782   0.989272
     1.784    0.99035
     1.786   0.990047
     1.788    0.99138
      1.79   0.990501
     1.792   0.991784
     1.794   0.992905
     1.796    0.99273
     1.798   0.992467
       1.8    0.99396
     1.802   0.993719
     1.804   0.993898
     1.806   0.994449
     1.808   0.995225
      1.81   0.995786
     1.812    0.99561
     1.814   0.995966
     1.816   0.997543
     1.818   0.996702
      1.82   0.997872
     1.822   0.998792
     1.824     0.9987
     1.826   0.998974
     1.828    0.99897
      1.83    1.00091
     1.832     1.0009
     1.834    1.00062
     1.836    1.00202
     1.838    1.00257
      1.84    1.00275
     1.842    1.00405
     1.844    1.00345
     1.846    1.00464
     1.848    1.00482
      1.85    1.00562
     1.852    1.00549
     1.854    1.00606
     1.856     1.0069
     1.858    1.00716
      1.86    1.00731
     1.862     1.0087
     1.864    1.00782
     1.866    1.00892
     1.868     1.0087
      1.87    1.00949
     1.872    1.00997
     1.874    1.01096
     1.876    1.01197
     1.878    1.01205
      1.88    1.01207
     1.882    1.01201
     1.884    1.01269
     1.886    1.01443
     1.888    1.01382
      1.89    1.01489
     1.892    1.01563
     1.894    1.01597
     1.896    1.01526
     1.898    1.01625
       1.9    1.01694
     1.902    1.01686
     1.904    1.01786
     1.906    1.01828
     1.908    1.01904
      1.91    1.01917
     1.912     1.0191
     1.914    1.02011
     1.916    1.02069
     1.918    1.02127
      1.92    1.02027
     1.922    1.02195
     1.924    1.02123
     1.926    1.02231
     1.928    1.02331
      1.93    1.02244
     1.932    1.02256
     1.934    1.02303
     1.936    1.02409
     1.938    1.02373
      1.94    1.02435
     1.942    1.02477
     1.944    1.02478
     1.946    1.02486
     1.948    1.02602
      1.95    1.02553
     1.952    1.02661
     1.954    1.02714
     1.956    1.02642
     1.958    1.02813
      1.96    1.02774
     1.962    1.02863
     1.964    1.02846
     1.966    1.02811
     1.968     1.0286
      1.97    1.02908
     1.972    1.02911
     1.974    1.03015
     1.976     1.0304
     1.978     1.0307
      1.98    1.03098
     1.982    1.03091
     1.984    1.03084
     1.986    1.03129
     1.988    1.03228
      1.99    1.03296
     1.992    1.03261
     1.994      1.033
     1.996    1.03274
     1.998    1.03358
         2    1.03348
     2.002    1.03425
     2.004    1.03447
     2.006    1.03546
     2.008    1.03595
      2.01    1.03584
     2.012    1.03602
     2.014    1.03553
     2.016    1.03606
     2.018    1.03688
      2.02    1.03703
     2.022    1.03677
     2.024    1.03735
     2.026     1.0382
     2.028    1.03769
      2.03    1.03832
     2.032    1.03861
     2.034    1.03884
     2.036    1.04014
     2.038    1.03862
      2.04     1.0395
     2.042    1.03962
     2.044    1.04072
     2.046    1.04073
     2.048    1.04099
      2.05    1.04151
     2.052    1.04204
     2.054    1.04134
     2.056     1.0424
     2.058    1.04239
      2.06    1.04305
     2.062    1.04258
     2.064    1.04367
     2.066    1.04277
     2.068    1.04348
      2.07    1.04393
     2.072    1.04424
     2.074    1.04476
     2.076    1.04488
     2.078    1.04506
      2.08    1.04448
     2.082    1.04491
     2.084    1.04542
     2.086    1.04573
     2.088    1.04649
      2.09    1.04612
     2.092    1.04693
     2.094    1.04649
     2.096    1.04783
     2.098    1.04766
       2.1    1.04842
     2.102     1.0479
     2.104     1.0484
     2.106    1.04849
     2.108     1.0482
